$Hij
      r30e    se      a14i    se      r47i    se      r51i    se      a7i     se      a1i    
r30e                   0.040  (0.033)  0.439  (0.029)  0.452  (0.029)  0.312  (0.031)  0.430 
a14i   0.040  (0.033)                  0.016  (0.032)  0.043  (0.033)  0.558  (0.025)  0.351 
r47i   0.439  (0.029)  0.016  (0.032)                  0.770  (0.016)  0.289  (0.030)  0.400 
r51i   0.452  (0.029)  0.043  (0.033)  0.770  (0.016)                  0.295  (0.030)  0.447 
a7i    0.312  (0.031)  0.558  (0.025)  0.289  (0.030)  0.295  (0.030)                  0.526 
a1i    0.430  (0.029)  0.351  (0.031)  0.400  (0.027)  0.447  (0.027)  0.526  (0.026)        
e90f   0.206  (0.032)  0.083  (0.034)  0.283  (0.032)  0.303  (0.030)  0.090  (0.032)  0.215 
a67i   0.474  (0.027)  0.196  (0.031)  0.449  (0.027)  0.466  (0.026)  0.397  (0.028)  0.613 
e76m   0.306  (0.030)  0.269  (0.031)  0.303  (0.029)  0.331  (0.029)  0.267  (0.031)  0.458 
e98m   0.438  (0.028)  0.194  (0.031)  0.392  (0.028)  0.442  (0.027)  0.273  (0.030)  0.490 
r56i   0.404  (0.030)  0.038  (0.033)  0.487  (0.027)  0.430  (0.028)  0.216  (0.032)  0.372 
a22i   0.379  (0.030)  0.411  (0.029)  0.277  (0.030)  0.266  (0.031)  0.757  (0.016)  0.472 
a69i   0.520  (0.027)  0.160  (0.032)  0.442  (0.028)  0.452  (0.027)  0.359  (0.029)  0.625 
      se      e90f    se      a67i    se      e76m    se      e98m    se      r56i    se     
r30e  (0.029)  0.206  (0.032)  0.474  (0.027)  0.306  (0.030)  0.438  (0.028)  0.404  (0.030)
a14i  (0.031)  0.083  (0.034)  0.196  (0.031)  0.269  (0.031)  0.194  (0.031)  0.038  (0.033)
r47i  (0.027)  0.283  (0.032)  0.449  (0.027)  0.303  (0.029)  0.392  (0.028)  0.487  (0.027)
r51i  (0.027)  0.303  (0.030)  0.466  (0.026)  0.331  (0.029)  0.442  (0.027)  0.430  (0.028)
a7i   (0.026)  0.090  (0.032)  0.397  (0.028)  0.267  (0.031)  0.273  (0.030)  0.216  (0.032)
a1i            0.215  (0.032)  0.613  (0.022)  0.458  (0.027)  0.490  (0.026)  0.372  (0.030)
e90f  (0.032)                  0.322  (0.030)  0.338  (0.030)  0.363  (0.030)  0.266  (0.031)
a67i  (0.022)  0.322  (0.030)                  0.464  (0.027)  0.534  (0.025)  0.522  (0.027)
e76m  (0.027)  0.338  (0.030)  0.464  (0.027)                  0.699  (0.020)  0.296  (0.030)
e98m  (0.026)  0.363  (0.030)  0.534  (0.025)  0.699  (0.020)                  0.363  (0.030)
r56i  (0.030)  0.266  (0.031)  0.522  (0.027)  0.296  (0.030)  0.363  (0.030)                
a22i  (0.027)  0.055  (0.032)  0.367  (0.029)  0.191  (0.031)  0.223  (0.030)  0.245  (0.032)
a69i  (0.022)  0.217  (0.032)  0.740  (0.018)  0.415  (0.028)  0.500  (0.025)  0.502  (0.028)
      a22i    se      a69i    se      r50i    se      r52i    se      e86a    se      a28i   
r30e   0.379  (0.030)  0.520  (0.027)  0.429  (0.029)  0.513  (0.027)  0.356  (0.034)  0.472 
a14i   0.411  (0.029)  0.160  (0.032)  0.068  (0.033)  0.064  (0.033)  0.133  (0.034)  0.252 
r47i   0.277  (0.030)  0.442  (0.028)  0.606  (0.024)  0.612  (0.023)  0.424  (0.031)  0.448 
r51i   0.266  (0.031)  0.452  (0.027)  0.661  (0.021)  0.717  (0.019)  0.391  (0.031)  0.475 
a7i    0.757  (0.016)  0.359  (0.029)  0.239  (0.030)  0.310  (0.029)  0.238  (0.034)  0.475 
a1i    0.472  (0.027)  0.625  (0.022)  0.436  (0.028)  0.471  (0.026)  0.427  (0.029)  0.612 
e90f   0.055  (0.032)  0.217  (0.032)  0.262  (0.031)  0.279  (0.031)  0.246  (0.036)  0.210 
a67i   0.367  (0.029)  0.740  (0.018)  0.494  (0.027)  0.536  (0.024)  0.520  (0.029)  0.615 
e76m   0.191  (0.031)  0.415  (0.028)  0.340  (0.029)  0.388  (0.029)  0.461  (0.029)  0.408 
e98m   0.223  (0.030)  0.500  (0.025)  0.462  (0.027)  0.492  (0.027)  0.491  (0.028)  0.456 
r56i   0.245  (0.032)  0.502  (0.028)  0.436  (0.030)  0.460  (0.029)  0.410  (0.033)  0.386 
a22i                   0.330  (0.029)  0.240  (0.030)  0.284  (0.030)  0.230  (0.035)  0.467 
a69i   0.330  (0.029)                  0.509  (0.026)  0.557  (0.025)  0.466  (0.029)  0.629 
      se      a131    se      e100a   se      a11i    se      e91f    se      a26ee   se     
r30e  (0.028)  0.284  (0.031)  0.509  (0.026)  0.461  (0.028)  0.253  (0.031)  0.300  (0.031)
a14i  (0.032)  0.537  (0.027)  0.189  (0.032)  0.163  (0.032)  0.168  (0.034)  0.282  (0.030)
r47i  (0.027)  0.173  (0.033)  0.420  (0.027)  0.421  (0.028)  0.286  (0.032)  0.349  (0.030)
r51i  (0.026)  0.191  (0.032)  0.487  (0.027)  0.392  (0.028)  0.333  (0.032)  0.347  (0.029)
a7i   (0.027)  0.772  (0.017)  0.342  (0.029)  0.454  (0.029)  0.177  (0.033)  0.321  (0.029)
a1i   (0.022)  0.414  (0.030)  0.516  (0.025)  0.578  (0.025)  0.297  (0.032)  0.414  (0.028)
e90f  (0.031)  0.102  (0.032)  0.361  (0.030)  0.169  (0.032)  0.617  (0.023)  0.448  (0.029)
a67i  (0.021)  0.330  (0.030)  0.586  (0.024)  0.561  (0.025)  0.338  (0.030)  0.452  (0.027)
e76m  (0.028)  0.218  (0.032)  0.611  (0.023)  0.305  (0.032)  0.464  (0.028)  0.616  (0.023)
e98m  (0.027)  0.254  (0.031)  0.710  (0.019)  0.382  (0.030)  0.501  (0.026)  0.624  (0.022)
r56i  (0.030)  0.157  (0.035)  0.428  (0.030)  0.358  (0.030)  0.245  (0.033)  0.290  (0.032)
a22i  (0.027)  0.701  (0.021)  0.282  (0.030)  0.468  (0.028)  0.092  (0.032)  0.230  (0.030)
a69i  (0.022)  0.289  (0.031)  0.579  (0.024)  0.585  (0.023)  0.268  (0.031)  0.411  (0.028)
      e88a    se      r66i    se      a2i     se      e80a    se      e93s    se      e77m   
r30e   0.356  (0.033)  0.536  (0.025)  0.354  (0.034)  0.391  (0.030)  0.275  (0.032)  0.396 
a14i   0.224  (0.033)  0.227  (0.032)  0.111  (0.033)  0.187  (0.033)  0.294  (0.032)  0.224 
r47i   0.349  (0.031)  0.410  (0.028)  0.338  (0.033)  0.387  (0.029)  0.337  (0.031)  0.301 
r51i   0.355  (0.031)  0.445  (0.028)  0.367  (0.033)  0.375  (0.030)  0.332  (0.031)  0.308 
a7i    0.276  (0.031)  0.390  (0.028)  0.263  (0.032)  0.309  (0.031)  0.358  (0.031)  0.267 
a1i    0.453  (0.028)  0.598  (0.025)  0.540  (0.027)  0.478  (0.026)  0.390  (0.029)  0.439 
e90f   0.289  (0.033)  0.304  (0.029)  0.199  (0.035)  0.294  (0.031)  0.373  (0.030)  0.272 
a67i   0.501  (0.028)  0.641  (0.022)  0.500  (0.029)  0.456  (0.028)  0.384  (0.031)  0.409 
e76m   0.545  (0.025)  0.498  (0.026)  0.356  (0.031)  0.594  (0.024)  0.586  (0.023)  0.763 
e98m   0.552  (0.026)  0.575  (0.023)  0.369  (0.031)  0.568  (0.025)  0.581  (0.023)  0.629 
r56i   0.346  (0.032)  0.366  (0.030)  0.307  (0.033)  0.388  (0.030)  0.225  (0.035)  0.282 
a22i   0.235  (0.033)  0.347  (0.028)  0.258  (0.033)  0.260  (0.032)  0.223  (0.031)  0.207 
a69i   0.448  (0.029)  0.683  (0.021)  0.533  (0.027)  0.495  (0.027)  0.342  (0.031)  0.395 
      se      r62i    se      e82m    se      r61i    se      e85s    se      a68i    se     
r30e  (0.029)  0.566  (0.024)  0.337  (0.031)  0.335  (0.032)  0.372  (0.030)  0.518  (0.027)
a14i  (0.032)  0.179  (0.032)  0.170  (0.032)  0.150  (0.034)  0.244  (0.035)  0.232  (0.031)
r47i  (0.030)  0.447  (0.028)  0.276  (0.031)  0.330  (0.032)  0.398  (0.031)  0.422  (0.028)
r51i  (0.029)  0.466  (0.027)  0.314  (0.030)  0.346  (0.032)  0.410  (0.030)  0.470  (0.027)
a7i   (0.031)  0.374  (0.029)  0.198  (0.031)  0.241  (0.032)  0.349  (0.031)  0.388  (0.028)
a1i   (0.028)  0.619  (0.023)  0.415  (0.028)  0.452  (0.028)  0.417  (0.030)  0.613  (0.022)
e90f  (0.030)  0.291  (0.030)  0.269  (0.032)  0.139  (0.035)  0.404  (0.030)  0.277  (0.031)
a67i  (0.028)  0.657  (0.021)  0.411  (0.028)  0.493  (0.028)  0.448  (0.029)  0.643  (0.022)
e76m  (0.016)  0.523  (0.025)  0.672  (0.020)  0.319  (0.032)  0.610  (0.022)  0.481  (0.027)
e98m  (0.023)  0.574  (0.024)  0.627  (0.022)  0.417  (0.028)  0.632  (0.022)  0.555  (0.025)
r56i  (0.032)  0.373  (0.030)  0.269  (0.032)  0.369  (0.032)  0.314  (0.034)  0.412  (0.029)
a22i  (0.031)  0.356  (0.028)  0.149  (0.031)  0.239  (0.034)  0.271  (0.031)  0.371  (0.028)
a69i  (0.029)  0.664  (0.022)  0.400  (0.028)  0.519  (0.027)  0.429  (0.029)  0.712  (0.020)
      e102m   se      a74ee   se      r54i    se      a72ee   se     
r30e   0.296  (0.031)  0.221  (0.030)  0.362  (0.032)  0.219  (0.032)
a14i   0.231  (0.034)  0.124  (0.031)  0.138  (0.032)  0.143  (0.032)
r47i   0.314  (0.031)  0.295  (0.031)  0.406  (0.030)  0.250  (0.032)
r51i   0.275  (0.032)  0.280  (0.031)  0.408  (0.030)  0.265  (0.031)
a7i    0.313  (0.030)  0.128  (0.031)  0.311  (0.032)  0.156  (0.032)
a1i    0.380  (0.031)  0.313  (0.030)  0.487  (0.028)  0.298  (0.030)
e90f   0.253  (0.033)  0.238  (0.031)  0.134  (0.033)  0.221  (0.032)
a67i   0.411  (0.030)  0.338  (0.030)  0.567  (0.027)  0.337  (0.031)
e76m   0.545  (0.025)  0.436  (0.027)  0.303  (0.031)  0.411  (0.028)
e98m   0.501  (0.026)  0.478  (0.026)  0.400  (0.029)  0.471  (0.026)
r56i   0.278  (0.033)  0.246  (0.032)  0.389  (0.030)  0.243  (0.032)
a22i   0.229  (0.030)  0.104  (0.032)  0.302  (0.031)  0.104  (0.033)
a69i   0.395  (0.029)  0.318  (0.030)  0.592  (0.025)  0.282  (0.031)
 [ reached getOption("max.print") -- omitted 24 rows ]

$Hi
      Item H  se     
r30e    0.377 (0.017)
a14i    0.202 (0.019)
r47i    0.378 (0.016)
r51i    0.394 (0.016)
a7i     0.338 (0.017)
a1i     0.459 (0.014)
e90f    0.264 (0.019)
a67i    0.478 (0.013)
e76m    0.442 (0.014)
e98m    0.480 (0.013)
r56i    0.337 (0.017)
a22i    0.298 (0.018)
a69i    0.466 (0.014)
r50i    0.407 (0.016)
r52i    0.439 (0.015)
e86a    0.410 (0.017)
a28i    0.464 (0.014)
a131    0.281 (0.019)
e100a   0.510 (0.012)
a11i    0.410 (0.016)
e91f    0.351 (0.018)
a26ee   0.445 (0.014)
e88a    0.434 (0.015)
r66i    0.498 (0.013)
a2i     0.373 (0.018)
e80a    0.458 (0.014)
e93s    0.423 (0.016)
e77m    0.423 (0.015)
r62i    0.498 (0.013)
e82m    0.405 (0.016)
r61i    0.377 (0.016)
e85s    0.460 (0.015)
a68i    0.503 (0.013)
e102m   0.386 (0.017)
a74ee   0.341 (0.017)
r54i    0.403 (0.016)
a72ee   0.331 (0.017)

$H
Scale H      se 
  0.405 (0.011) 

$covHij
                [,1]          [,2]          [,3]          [,4]          [,5]          [,6]
  [1,]  1.090623e-03  3.335268e-05  4.661596e-05  5.618069e-04  2.849222e-04  5.934773e-05
                [,7]          [,8]          [,9]         [,10]         [,11]         [,12]
  [1,]  1.072129e-04  2.406073e-04  1.584265e-04 -2.290523e-06  3.983238e-04  7.702344e-05
               [,13]         [,14]         [,15]         [,16]         [,17]         [,18]
  [1,]  5.580818e-05  4.685083e-05  7.078816e-05  1.607509e-04  4.992318e-04  1.239342e-04
               [,19]         [,20]         [,21]         [,22]         [,23]         [,24]
  [1,]  7.377125e-05  1.518301e-04  2.448639e-04  1.759840e-04  1.500624e-04  4.573224e-05
               [,25]         [,26]         [,27]         [,28]         [,29]         [,30]
  [1,]  1.708583e-04  2.641232e-04  1.872805e-04  1.207476e-04  1.631565e-04  7.436632e-05
               [,31]         [,32]         [,33]         [,34]         [,35]         [,36]
  [1,]  2.176065e-04  1.956988e-04  1.479044e-04  1.058247e-04  8.928620e-05  1.551505e-04
               [,37]         [,38]         [,39]         [,40]         [,41]         [,42]
  [1,]  3.551011e-04  3.967673e-04  1.788366e-04  4.221582e-04  1.361716e-04  4.744372e-04
               [,43]         [,44]         [,45]         [,46]         [,47]         [,48]
  [1,]  2.961025e-04  4.239385e-04  3.353663e-04  2.089135e-04  5.096359e-04  4.486109e-04
               [,49]         [,50]         [,51]         [,52]         [,53]         [,54]
  [1,]  4.866805e-04  2.805764e-04  4.558273e-04  2.107093e-04  4.655997e-04  4.013787e-04
               [,55]         [,56]         [,57]         [,58]         [,59]         [,60]
  [1,]  3.039918e-04  2.702864e-04  2.491452e-04  5.028570e-04  3.075597e-04  3.794353e-04
               [,61]         [,62]         [,63]         [,64]         [,65]         [,66]
  [1,]  2.852302e-04  4.426351e-04  5.418820e-04  3.319202e-04  2.767915e-04  4.311862e-04
               [,67]         [,68]         [,69]         [,70]         [,71]         [,72]
  [1,]  4.618036e-04  3.571824e-04  2.608256e-04  2.808211e-04  2.380025e-04 -5.026051e-06
               [,73]         [,74]         [,75]         [,76]         [,77]         [,78]
  [1,]  1.128105e-04  1.530949e-05  2.302859e-05  4.877942e-05  1.005303e-04  7.036485e-05
               [,79]         [,80]         [,81]         [,82]         [,83]         [,84]
  [1,]  3.460950e-05  1.005467e-04  6.629164e-05 -1.210142e-05 -3.437563e-05  2.522972e-06
               [,85]         [,86]         [,87]         [,88]         [,89]         [,90]
  [1,]  1.970823e-05  1.281866e-04  6.075328e-05  3.048559e-06  8.508452e-06  6.244380e-05
               [,91]         [,92]         [,93]         [,94]         [,95]         [,96]
  [1,]  4.863929e-05  4.420285e-05  5.805252e-06  5.317462e-05  8.350101e-05  7.560543e-05
               [,97]         [,98]         [,99]        [,100]        [,101]        [,102]
  [1,]  6.235922e-05  1.013148e-04  3.434810e-06  5.072420e-05  6.794077e-05  8.571399e-05
              [,103]        [,104]        [,105]        [,106]        [,107]        [,108]
  [1,]  2.267132e-05  2.088788e-05  1.893325e-05  1.418750e-04 -2.560345e-06  3.303306e-05
              [,109]        [,110]        [,111]        [,112]        [,113]        [,114]
  [1,]  2.396521e-05  7.850013e-05  4.972680e-05  1.731488e-05  1.204676e-04  5.211287e-05
              [,115]        [,116]        [,117]        [,118]        [,119]        [,120]
  [1,] -1.787710e-05 -2.085406e-05 -1.587093e-05  1.339474e-05  1.600138e-04  2.539389e-05
              [,121]        [,122]        [,123]        [,124]        [,125]        [,126]
  [1,]  9.479143e-06  3.136861e-05  8.709187e-05  1.134996e-05  5.332615e-05  9.049976e-06
              [,127]        [,128]        [,129]        [,130]        [,131]        [,132]
  [1,]  5.730470e-05  8.552955e-05  4.259066e-05  4.246361e-05  8.275439e-05 -1.709013e-05
              [,133]        [,134]        [,135]        [,136]        [,137]        [,138]
  [1,]  5.653532e-05  4.723533e-05  5.124632e-05  1.677115e-05  1.802312e-05 -1.520295e-05
              [,139]        [,140]        [,141]        [,142]        [,143]        [,144]
  [1,]  1.858838e-04  8.803026e-05  2.104852e-04  2.416219e-04  2.650497e-04  1.284504e-04
              [,145]        [,146]        [,147]        [,148]        [,149]        [,150]
  [1,]  6.915333e-05  2.781280e-04  2.124583e-04  2.057588e-04  1.707873e-04  1.712347e-04
              [,151]        [,152]        [,153]        [,154]        [,155]        [,156]
  [1,]  4.953757e-05  2.478736e-04  1.767996e-04  1.984845e-04  1.791039e-04  1.680627e-04
              [,157]        [,158]        [,159]        [,160]        [,161]        [,162]
  [1,]  2.552403e-04  1.620614e-04  2.321289e-04  2.069777e-04  3.108097e-04  2.797440e-04
              [,163]        [,164]        [,165]        [,166]        [,167]        [,168]
  [1,]  2.460656e-04  1.428554e-04  2.561693e-04  2.313030e-04  2.358214e-04  1.695082e-04
              [,169]        [,170]        [,171]        [,172]       [,173]        [,174]
  [1,]  1.443913e-04  1.526377e-04 -3.290738e-06  6.639699e-05 1.085227e-04  9.741233e-05
              [,175]        [,176]        [,177]        [,178]        [,179]        [,180]
  [1,]  7.228798e-06  1.239399e-04  7.998652e-05  3.215694e-05  6.352338e-06  3.596831e-05
              [,181]        [,182]       [,183]        [,184]        [,185]        [,186]
  [1,]  4.367580e-05  2.289476e-04 9.980757e-05  4.545664e-05  4.406594e-05  9.754815e-05
              [,187]        [,188]        [,189]        [,190]       [,191]        [,192]
  [1,]  8.089319e-05  1.053097e-04  4.705731e-05  6.069645e-05 1.301925e-04  9.541171e-05
              [,193]        [,194]        [,195]        [,196]        [,197]        [,198]
  [1,]  1.228296e-04  1.118243e-04 -2.810175e-05  9.151291e-05  6.162415e-05  1.006885e-04
              [,199]        [,200]        [,201]        [,202]        [,203]        [,204]
  [1,]  5.527084e-05  2.298950e-05  3.910486e-05 -1.996399e-05  4.397801e-05  6.500744e-05
              [,205]        [,206]        [,207]        [,208]        [,209]        [,210]
  [1,]  1.732091e-05  7.229681e-05  2.514379e-05  2.365678e-05  5.370995e-05  1.756278e-05
              [,211]        [,212]        [,213]        [,214]        [,215]        [,216]
  [1,] -5.949752e-06  8.622079e-05  5.792096e-05 -1.057205e-05  1.047671e-05  5.073255e-05
              [,217]        [,218]        [,219]        [,220]        [,221]        [,222]
  [1,]  3.429193e-05  3.205985e-05 -7.024651e-05  2.087547e-05  2.153281e-05  2.372260e-05
              [,223]        [,224]        [,225]        [,226]        [,227]        [,228]
  [1,] -1.983400e-05  7.538683e-05  3.326536e-05 -3.920748e-05  4.008183e-05  4.543717e-05
              [,229]        [,230]        [,231]        [,232]        [,233]        [,234]
  [1,]  1.746351e-06  1.385401e-05  1.191841e-05  8.296712e-05  2.880755e-05 -2.530459e-05
              [,235]        [,236]        [,237]        [,238]        [,239]        [,240]
  [1,]  1.749303e-04  4.108533e-05  3.998235e-05  5.026996e-05  3.534130e-05  4.886369e-05
              [,241]       [,242]        [,243]       [,244]        [,245]        [,246]
  [1,]  2.394085e-04 4.320799e-05  6.706853e-06 6.750596e-06  5.464609e-05  6.165267e-05
              [,247]        [,248]        [,249]        [,250]        [,251]        [,252]
  [1,]  3.044333e-05  1.490582e-05  2.823096e-05  8.142762e-05  4.748673e-05  2.317209e-05
              [,253]        [,254]        [,255]        [,256]        [,257]        [,258]
  [1,]  7.713115e-05  6.100585e-06  5.427634e-05  2.545793e-05  4.481208e-05  5.074258e-05
              [,259]        [,260]        [,261]        [,262]        [,263]       [,264]
  [1,]  3.535880e-05  4.620333e-05  6.432395e-05  7.689146e-05  2.004661e-04 1.015185e-04
              [,265]        [,266]        [,267]       [,268]        [,269]        [,270]
  [1,]  5.768128e-05  1.179381e-04  7.032171e-05 1.149333e-04  2.210660e-04  9.347453e-05
              [,271]        [,272]        [,273]        [,274]        [,275]        [,276]
  [1,]  1.345728e-04 -1.576183e-05  2.772140e-05  6.367161e-05  9.582774e-05  3.243831e-05
              [,277]        [,278]        [,279]        [,280]        [,281]        [,282]
  [1,]  4.710911e-05  2.336290e-05  3.349520e-05  1.079615e-04  2.666865e-05  5.843309e-05
              [,283]        [,284]        [,285]        [,286]        [,287]        [,288]
  [1,]  8.432600e-05  8.501715e-05  9.710375e-05  8.279907e-05  5.617334e-05  1.066836e-04
              [,289]        [,290]       [,291]        [,292]        [,293]        [,294]
  [1,]  4.430882e-05  2.038084e-04 5.195186e-05  2.946665e-05  3.288957e-05  3.433036e-05
              [,295]        [,296]        [,297]       [,298]        [,299]        [,300]
  [1,]  7.525501e-05  2.526992e-04  4.087614e-05 5.214235e-05  3.509514e-05  9.595284e-05
              [,301]        [,302]        [,303]        [,304]        [,305]        [,306]
  [1,]  7.090744e-05  7.564025e-05 -4.980878e-05  5.295885e-05  5.627488e-05  4.083559e-05
              [,307]        [,308]        [,309]        [,310]        [,311]        [,312]
  [1,]  5.601140e-05  3.540975e-05  9.025220e-06  6.780220e-05  5.214885e-05  1.016021e-04
              [,313]        [,314]        [,315]        [,316]        [,317]        [,318]
  [1,]  3.495265e-05  4.582439e-05  8.038448e-05  7.066580e-05  2.921491e-05  2.014232e-05
              [,319]        [,320]        [,321]        [,322]        [,323]        [,324]
  [1,]  1.981780e-05 -1.250782e-05  3.951827e-05  1.272582e-04  4.458306e-05  3.097901e-05
              [,325]        [,326]        [,327]        [,328]        [,329]        [,330]
  [1,]  3.244244e-05  5.320060e-05  5.503050e-05 -4.798460e-07 -4.584429e-05  6.174732e-05
              [,331]        [,332]        [,333]        [,334]        [,335]        [,336]
  [1,]  7.053746e-05  3.948169e-05 -9.705595e-06  3.767435e-05  2.008038e-05  2.984747e-05
              [,337]        [,338]        [,339]        [,340]        [,341]        [,342]
  [1,]  5.129869e-05  5.594205e-05  9.203590e-05  6.059054e-05  6.876695e-05  2.256501e-04
              [,343]        [,344]        [,345]        [,346]        [,347]        [,348]
  [1,]  1.588646e-04  1.505071e-04  1.285557e-04  1.533203e-04  7.148999e-05  2.157912e-04
              [,349]        [,350]        [,351]        [,352]        [,353]        [,354]
  [1,]  1.182814e-04  1.514902e-04  1.544936e-04  1.567944e-04  1.858636e-04  1.082481e-04
              [,355]        [,356]        [,357]        [,358]        [,359]        [,360]
  [1,]  1.596368e-04  1.693702e-04  2.298295e-04  1.972935e-04  1.835175e-04  1.222664e-04
              [,361]        [,362]        [,363]        [,364]        [,365]        [,366]
  [1,]  1.965097e-04  1.755389e-04  1.792167e-04  1.488441e-04  1.150511e-04  1.479576e-04
              [,367]        [,368]        [,369]        [,370]        [,371]       [,372]
  [1,]  8.538373e-05  5.259195e-05  5.124839e-05  3.982414e-05  2.632586e-04 4.488493e-05
              [,373]        [,374]        [,375]        [,376]        [,377]        [,378]
  [1,]  3.570919e-05  3.952827e-05  6.688681e-05  1.082132e-04  4.807625e-05  6.919599e-06
              [,379]       [,380]        [,381]        [,382]       [,383]        [,384]
  [1,]  1.913436e-05 1.297586e-04  6.560357e-05  4.655571e-05 8.507294e-05  3.248082e-05
              [,385]        [,386]        [,387]        [,388]        [,389]        [,390]
  [1,]  7.001404e-05  2.283041e-05  7.447015e-05  5.501690e-05  3.660499e-05  1.030806e-04
              [,391]        [,392]        [,393]        [,394]        [,395]        [,396]
  [1,]  3.046785e-05  2.921240e-05  3.073040e-05  2.140722e-04  2.560692e-05  3.430550e-05
              [,397]        [,398]        [,399]        [,400]        [,401]        [,402]
  [1,]  1.890595e-06  4.209190e-05  3.917877e-05  5.088896e-05  3.312699e-06  2.682213e-05
              [,403]        [,404]        [,405]        [,406]        [,407]        [,408]
  [1,]  4.874659e-05  2.460012e-05  7.928895e-05  4.030770e-05 -2.219697e-05  5.706355e-05
              [,409]        [,410]        [,411]        [,412]        [,413]        [,414]
  [1,]  5.325604e-05  7.317608e-05  4.728445e-05 -7.372733e-06  3.776714e-05  3.858133e-06
              [,415]        [,416]        [,417]        [,418]        [,419]        [,420]
  [1,]  1.153490e-05  2.243222e-04  3.047232e-05  2.293335e-05  4.364155e-05  8.737922e-05
              [,421]        [,422]        [,423]        [,424]        [,425]        [,426]
  [1,]  5.477168e-05  3.025701e-05  3.440303e-05  2.573802e-05  6.835792e-05  3.789487e-05
              [,427]        [,428]        [,429]        [,430]        [,431]        [,432]
  [1,]  3.190357e-05  5.781135e-05 -1.335972e-05  2.183189e-05  1.323589e-05  5.767851e-05
              [,433]        [,434]        [,435]        [,436]        [,437]        [,438]
  [1,]  2.447355e-05  9.800515e-06  1.779838e-05  7.257024e-05  1.970805e-04  5.972545e-05
              [,439]        [,440]        [,441]        [,442]        [,443]        [,444]
  [1,]  5.430520e-05  2.964538e-05  3.698826e-05  6.627898e-05  2.634916e-05 -4.849423e-07
              [,445]        [,446]        [,447]        [,448]        [,449]        [,450]
  [1,]  7.171244e-06  9.507890e-05  5.102868e-05  1.783138e-05  1.792377e-05  2.915030e-06
              [,451]        [,452]        [,453]        [,454]        [,455]        [,456]
  [1,]  7.948660e-05  1.574132e-05  5.447265e-05  5.755122e-05  2.485005e-05  5.399248e-05
              [,457]        [,458]        [,459]        [,460]        [,461]        [,462]
  [1,]  2.110704e-04  6.799938e-05  1.419725e-05  2.360025e-05  8.232055e-05  1.187563e-04
              [,463]        [,464]        [,465]       [,466]        [,467]        [,468]
  [1,]  6.886913e-05  4.117601e-05  1.431202e-05 1.172584e-04  7.889347e-05  5.600863e-05
             [,469]        [,470]       [,471]        [,472]       [,473]        [,474]
  [1,] 8.922589e-05  5.398971e-05 8.241561e-05  5.756690e-05 5.926426e-05  9.304925e-05
              [,475]        [,476]        [,477]        [,478]        [,479]        [,480]
  [1,]  6.117209e-05  9.532277e-05  2.535659e-04  1.754420e-04  1.975062e-04  1.890472e-04
              [,481]        [,482]        [,483]        [,484]        [,485]        [,486]
  [1,]  2.090656e-04  2.423162e-04  1.858138e-04  2.432195e-04  1.704191e-04  2.585704e-04
              [,487]        [,488]        [,489]        [,490]        [,491]        [,492]
  [1,]  2.723750e-04  2.320078e-04  1.838674e-04  1.981900e-04  2.401745e-04  2.062101e-04
              [,493]        [,494]        [,495]        [,496]        [,497]        [,498]
  [1,]  1.994340e-04  1.966836e-04  2.056130e-04  6.783038e-05  6.033243e-05  1.120466e-04
              [,499]        [,500]        [,501]       [,502]        [,503]        [,504]
  [1,]  6.231856e-05  3.659223e-05 -4.269371e-05 4.187703e-05  8.884733e-05  5.935131e-05
              [,505]        [,506]        [,507]        [,508]       [,509]        [,510]
  [1,]  4.377702e-05  5.703204e-05  3.787467e-05  6.928236e-05 2.337861e-05  1.152270e-04
              [,511]        [,512]        [,513]        [,514]        [,515]        [,516]
  [1,]  6.748466e-05  4.616652e-05  7.154375e-05  3.054413e-05  9.089876e-05  1.199000e-04
              [,517]        [,518]        [,519]        [,520]        [,521]        [,522]
  [1,]  4.608935e-05  4.415201e-06  2.011350e-05  1.200797e-04  9.404282e-05  7.185896e-06
              [,523]        [,524]        [,525]        [,526]        [,527]        [,528]
  [1,]  1.056586e-04  3.412737e-05  9.121407e-05  2.526638e-05  6.261367e-05  4.029326e-05
              [,529]        [,530]        [,531]        [,532]        [,533]        [,534]
  [1,]  5.238504e-05  6.826968e-05  1.230592e-05  6.859153e-05  5.959027e-05 -2.377981e-05
              [,535]        [,536]        [,537]        [,538]        [,539]        [,540]
  [1,]  2.474480e-06  5.149356e-05 -1.242438e-05  3.764267e-05  9.370435e-06  4.266179e-05
              [,541]        [,542]        [,543]        [,544]        [,545]        [,546]
  [1,]  1.775128e-05  4.086809e-05  4.695668e-05  3.524145e-05  1.217963e-05  5.967353e-05
              [,547]        [,548]        [,549]        [,550]        [,551]        [,552]
  [1,]  6.520737e-05  7.787010e-05  2.617865e-05  3.551685e-05  6.288076e-05  5.672176e-05
              [,553]        [,554]        [,555]        [,556]       [,557]        [,558]
  [1,]  7.506945e-05  3.517462e-05  1.081999e-04  6.536277e-05 1.214651e-04  7.645228e-05
              [,559]        [,560]        [,561]        [,562]        [,563]        [,564]
  [1,]  7.183552e-05  8.045552e-05  6.211814e-05  6.020865e-05 -1.241972e-05  7.949378e-05
              [,565]        [,566]        [,567]        [,568]        [,569]        [,570]
  [1,]  8.791499e-05  8.873003e-05  2.898149e-05  5.270059e-05 -9.798299e-06  9.108817e-05
              [,571]        [,572]        [,573]        [,574]        [,575]        [,576]
  [1,]  3.375145e-05  6.746527e-05  4.728597e-05  2.259960e-05  4.933382e-05 -2.125512e-05
              [,577]        [,578]        [,579]        [,580]        [,581]        [,582]
  [1,]  1.914698e-05  7.844884e-05  5.970912e-05  2.080665e-05  6.627696e-05  2.039766e-05
              [,583]        [,584]        [,585]        [,586]        [,587]        [,588]
  [1,]  3.383124e-05  1.173899e-05  8.583508e-05  7.309946e-05  1.343515e-05  9.545475e-05
              [,589]        [,590]        [,591]        [,592]        [,593]        [,594]
  [1,] -5.013646e-05  3.498962e-05  2.733883e-06 -4.097879e-05  2.196838e-05 -6.463611e-05
              [,595]        [,596]        [,597]        [,598]        [,599]        [,600]
  [1,]  5.063770e-06 -3.091139e-05 -8.425093e-06 -6.677569e-06 -4.135958e-05 -1.524990e-05
              [,601]        [,602]        [,603]        [,604]        [,605]        [,606]
  [1,]  6.534312e-05  1.373663e-05  6.418795e-05  3.041414e-05 -1.207329e-05  4.555135e-05
              [,607]        [,608]        [,609]        [,610]        [,611]        [,612]
  [1,]  3.532186e-05  4.221547e-05  4.785708e-05  1.280121e-05  6.416257e-05  2.697815e-05
              [,613]        [,614]        [,615]        [,616]        [,617]        [,618]
  [1,]  8.904475e-05  3.636271e-05  7.812791e-05  4.085522e-05  7.035527e-05  5.179252e-05
             [,619]        [,620]        [,621]        [,622]        [,623]        [,624]
  [1,] 1.009252e-04  4.702780e-05  1.190764e-04  6.148562e-05  2.513643e-05  2.419243e-05
              [,625]        [,626]        [,627]        [,628]        [,629]        [,630]
  [1,]  5.198599e-05  5.833527e-05  6.211345e-05  8.141404e-05  3.994297e-05  9.265708e-05
              [,631]        [,632]        [,633]        [,634]        [,635]        [,636]
  [1,]  8.222601e-05 -2.030125e-05  5.387981e-05  3.405249e-05  7.787588e-05  4.152827e-05
              [,637]        [,638]        [,639]        [,640]        [,641]        [,642]
  [1,]  3.078244e-05  5.551278e-05  2.938110e-05  6.032027e-05  3.924330e-05  6.914453e-05
              [,643]        [,644]        [,645]        [,646]        [,647]        [,648]
  [1,]  3.779804e-05  3.629902e-05  4.000057e-05  1.517534e-05 -1.279843e-05  9.383200e-05
              [,649]        [,650]        [,651]        [,652]        [,653]       [,654]
  [1,]  1.903877e-05  6.889838e-06  2.460094e-05  4.689166e-05  9.031916e-05 8.414862e-05
              [,655]        [,656]        [,657]        [,658]        [,659]        [,660]
  [1,]  1.725292e-05  8.936286e-05  8.869230e-05  4.719681e-05  1.406382e-05  6.601484e-05
              [,661]        [,662]        [,663]        [,664]        [,665]        [,666]
  [1,]  1.121138e-04  7.102000e-05  1.251376e-04  4.561336e-05  1.741568e-05  5.379880e-05
 [ reached getOption("max.print") -- omitted 665 rows ]

$covHi
              [,1]         [,2]         [,3]         [,4]         [,5]         [,6]
 [1,] 2.722677e-04 2.530105e-05 1.074352e-04 1.096292e-04 8.581192e-05 9.377015e-05
 [2,] 2.530105e-05 3.639947e-04 2.346335e-05 2.440086e-05 1.784845e-04 7.776776e-05
 [3,] 1.074352e-04 2.346335e-05 2.559386e-04 1.980207e-04 9.648004e-05 1.090970e-04
 [4,] 1.096292e-04 2.440086e-05 1.980207e-04 2.475907e-04 9.763878e-05 1.047486e-04
 [5,] 8.581192e-05 1.784845e-04 9.648004e-05 9.763878e-05 2.904012e-04 1.225805e-04
 [6,] 9.377015e-05 7.776776e-05 1.090970e-04 1.047486e-04 1.225805e-04 1.917038e-04
 [7,] 6.554713e-05 4.206938e-05 1.003964e-04 1.001881e-04 5.224417e-05 7.555771e-05
 [8,] 9.830421e-05 5.836445e-05 1.175435e-04 1.094781e-04 9.907081e-05 1.207696e-04
 [9,] 9.343362e-05 8.444184e-05 1.010253e-04 9.997032e-05 1.075853e-04 1.128801e-04
[10,] 1.033157e-04 6.745127e-05 1.100754e-04 1.108739e-04 9.988421e-05 1.148552e-04
[11,] 1.038114e-04 3.529728e-05 1.309907e-04 1.050838e-04 6.825128e-05 1.008787e-04
[12,] 1.082745e-04 1.246484e-04 9.432101e-05 8.214323e-05 2.177468e-04 1.146821e-04
[13,] 1.152663e-04 5.300540e-05 1.107424e-04 1.070099e-04 9.960952e-05 1.230414e-04
[14,] 1.056207e-04 3.425408e-05 1.612729e-04 1.533357e-04 8.813679e-05 1.072808e-04
[15,] 1.112407e-04 3.931022e-05 1.602470e-04 1.663758e-04 1.000291e-04 1.114166e-04
[16,] 8.726006e-05 3.921226e-05 1.241239e-04 1.100680e-04 8.115154e-05 1.063316e-04
[17,] 9.621066e-05 6.865455e-05 1.130374e-04 1.156650e-04 1.170289e-04 1.219016e-04
[18,] 8.395861e-05 1.833909e-04 6.373236e-05 7.372628e-05 2.313274e-04 1.024649e-04
[19,] 9.692980e-05 6.877993e-05 1.073545e-04 1.068421e-04 1.034664e-04 1.060141e-04
[20,] 1.066888e-04 5.479972e-05 1.281411e-04 1.149676e-04 1.254685e-04 1.353017e-04
[21,] 7.842936e-05 5.979641e-05 1.051728e-04 1.069687e-04 8.689418e-05 9.984158e-05
[22,] 8.540235e-05 8.195175e-05 1.005894e-04 9.624312e-05 9.592115e-05 1.047499e-04
[23,] 9.131679e-05 5.403061e-05 1.049505e-04 9.267530e-05 8.851271e-05 1.031636e-04
[24,] 1.033703e-04 6.081056e-05 1.088330e-04 1.098009e-04 9.652377e-05 1.120272e-04
[25,] 7.064372e-05 2.451798e-05 1.118028e-04 1.033186e-04 7.585399e-05 1.218859e-04
[26,] 9.670201e-05 5.470092e-05 1.137559e-04 1.074235e-04 1.025769e-04 1.118069e-04
[27,] 8.889638e-05 8.509839e-05 1.062976e-04 1.031297e-04 1.082880e-04 1.098534e-04
              [,7]         [,8]         [,9]        [,10]        [,11]        [,12]
 [1,] 6.554713e-05 9.830421e-05 9.343362e-05 1.033157e-04 1.038114e-04 1.082745e-04
 [2,] 4.206938e-05 5.836445e-05 8.444184e-05 6.745127e-05 3.529728e-05 1.246484e-04
 [3,] 1.003964e-04 1.175435e-04 1.010253e-04 1.100754e-04 1.309907e-04 9.432101e-05
 [4,] 1.001881e-04 1.094781e-04 9.997032e-05 1.108739e-04 1.050838e-04 8.214323e-05
 [5,] 5.224417e-05 9.907081e-05 1.075853e-04 9.988421e-05 6.825128e-05 2.177468e-04
 [6,] 7.555771e-05 1.207696e-04 1.128801e-04 1.148552e-04 1.008787e-04 1.146821e-04
 [7,] 3.649045e-04 9.320165e-05 9.627744e-05 9.542135e-05 7.463578e-05 4.051650e-05
 [8,] 9.320165e-05 1.726375e-04 1.136516e-04 1.169964e-04 1.103181e-04 9.879455e-05
 [9,] 9.627744e-05 1.136516e-04 2.086917e-04 1.366927e-04 9.714220e-05 9.607205e-05
[10,] 9.542135e-05 1.169964e-04 1.366927e-04 1.739317e-04 9.980017e-05 9.250875e-05
[11,] 7.463578e-05 1.103181e-04 9.714220e-05 9.980017e-05 3.046707e-04 7.442715e-05
[12,] 4.051650e-05 9.879455e-05 9.607205e-05 9.250875e-05 7.442715e-05 3.155358e-04
[13,] 8.676241e-05 1.333763e-04 1.152562e-04 1.147613e-04 1.072225e-04 9.244121e-05
[14,] 8.709096e-05 1.150339e-04 1.119337e-04 1.232520e-04 1.100861e-04 8.711859e-05
[15,] 9.271932e-05 1.206100e-04 1.099541e-04 1.187363e-04 1.179551e-04 8.892813e-05
[16,] 7.500946e-05 1.221233e-04 1.150689e-04 1.136186e-04 1.023345e-04 7.763594e-05
[17,] 6.887464e-05 1.228604e-04 1.135625e-04 1.116637e-04 9.479639e-05 1.070638e-04
[18,] 4.995867e-05 8.069250e-05 8.729779e-05 8.696016e-05 3.823819e-05 2.271382e-04
[19,] 8.777546e-05 1.121325e-04 1.202242e-04 1.220524e-04 9.837153e-05 9.212621e-05
[20,] 7.607681e-05 1.358911e-04 1.183722e-04 1.186724e-04 1.081059e-04 1.284242e-04
[21,] 1.904229e-04 1.074250e-04 1.222860e-04 1.189877e-04 8.493854e-05 7.340223e-05
[22,] 1.238789e-04 1.086421e-04 1.333922e-04 1.285538e-04 9.434178e-05 8.915920e-05
[23,] 8.109082e-05 1.132282e-04 1.165577e-04 1.181772e-04 8.385768e-05 8.318375e-05
[24,] 1.044745e-04 1.153277e-04 1.145956e-04 1.164059e-04 9.462966e-05 9.777855e-05
[25,] 7.120443e-05 1.217125e-04 1.007830e-04 1.018700e-04 8.395287e-05 8.023981e-05
[26,] 8.075914e-05 1.154072e-04 1.308923e-04 1.226917e-04 1.112459e-04 9.260232e-05
[27,] 1.076757e-04 1.099426e-04 1.357230e-04 1.225172e-04 8.833884e-05 1.019503e-04
             [,13]        [,14]        [,15]        [,16]        [,17]        [,18]
 [1,] 1.152663e-04 1.056207e-04 1.112407e-04 8.726006e-05 9.621066e-05 8.395861e-05
 [2,] 5.300540e-05 3.425408e-05 3.931022e-05 3.921226e-05 6.865455e-05 1.833909e-04
 [3,] 1.107424e-04 1.612729e-04 1.602470e-04 1.241239e-04 1.130374e-04 6.373236e-05
 [4,] 1.070099e-04 1.533357e-04 1.663758e-04 1.100680e-04 1.156650e-04 7.372628e-05
 [5,] 9.960952e-05 8.813679e-05 1.000291e-04 8.115154e-05 1.170289e-04 2.313274e-04
 [6,] 1.230414e-04 1.072808e-04 1.114166e-04 1.063316e-04 1.219016e-04 1.024649e-04
 [7,] 8.676241e-05 8.709096e-05 9.271932e-05 7.500946e-05 6.887464e-05 4.995867e-05
 [8,] 1.333763e-04 1.150339e-04 1.206100e-04 1.221233e-04 1.228604e-04 8.069250e-05
 [9,] 1.152562e-04 1.119337e-04 1.099541e-04 1.150689e-04 1.135625e-04 8.729779e-05
[10,] 1.147613e-04 1.232520e-04 1.187363e-04 1.136186e-04 1.116637e-04 8.696016e-05
[11,] 1.072225e-04 1.100861e-04 1.179551e-04 1.023345e-04 9.479639e-05 3.823819e-05
[12,] 9.244121e-05 8.711859e-05 8.892813e-05 7.763594e-05 1.070638e-04 2.271382e-04
[13,] 1.930231e-04 1.175642e-04 1.219440e-04 1.141179e-04 1.193128e-04 8.246461e-05
[14,] 1.175642e-04 2.469648e-04 1.769580e-04 1.216048e-04 1.095991e-04 6.232715e-05
[15,] 1.219440e-04 1.769580e-04 2.169404e-04 1.129175e-04 1.136205e-04 7.602285e-05
[16,] 1.141179e-04 1.216048e-04 1.129175e-04 2.781562e-04 1.145492e-04 5.603312e-05
[17,] 1.193128e-04 1.095991e-04 1.136205e-04 1.145492e-04 1.851404e-04 9.655710e-05
[18,] 8.246461e-05 6.232715e-05 7.602285e-05 5.603312e-05 9.655710e-05 3.731988e-04
[19,] 1.129019e-04 1.087170e-04 1.138028e-04 1.117210e-04 1.116814e-04 9.073941e-05
[20,] 1.421532e-04 1.252303e-04 1.268013e-04 1.192897e-04 1.507600e-04 9.468177e-05
[21,] 9.982300e-05 1.055514e-04 1.106026e-04 1.078532e-04 9.866785e-05 8.687518e-05
[22,] 1.074169e-04 1.053423e-04 1.025214e-04 1.073081e-04 1.039050e-04 8.683852e-05
[23,] 1.060631e-04 1.122483e-04 1.035402e-04 1.842534e-04 1.045874e-04 6.968742e-05
[24,] 1.235758e-04 1.104738e-04 1.166070e-04 1.027895e-04 1.126297e-04 9.093064e-05
[25,] 1.220796e-04 1.053038e-04 1.163411e-04 1.208059e-04 1.190669e-04 4.965056e-05
[26,] 1.131913e-04 1.180340e-04 1.194090e-04 1.336941e-04 1.126985e-04 7.910414e-05
[27,] 1.081874e-04 1.139110e-04 1.115593e-04 1.107604e-04 1.093434e-04 1.002526e-04
             [,19]        [,20]        [,21]        [,22]        [,23]        [,24]
 [1,] 9.692980e-05 1.066888e-04 7.842936e-05 8.540235e-05 9.131679e-05 1.033703e-04
 [2,] 6.877993e-05 5.479972e-05 5.979641e-05 8.195175e-05 5.403061e-05 6.081056e-05
 [3,] 1.073545e-04 1.281411e-04 1.051728e-04 1.005894e-04 1.049505e-04 1.088330e-04
 [4,] 1.068421e-04 1.149676e-04 1.069687e-04 9.624312e-05 9.267530e-05 1.098009e-04
 [5,] 1.034664e-04 1.254685e-04 8.689418e-05 9.592115e-05 8.851271e-05 9.652377e-05
 [6,] 1.060141e-04 1.353017e-04 9.984158e-05 1.047499e-04 1.031636e-04 1.120272e-04
 [7,] 8.777546e-05 7.607681e-05 1.904229e-04 1.238789e-04 8.109082e-05 1.044745e-04
 [8,] 1.121325e-04 1.358911e-04 1.074250e-04 1.086421e-04 1.132282e-04 1.153277e-04
 [9,] 1.202242e-04 1.183722e-04 1.222860e-04 1.333922e-04 1.165577e-04 1.145956e-04
[10,] 1.220524e-04 1.186724e-04 1.189877e-04 1.285538e-04 1.181772e-04 1.164059e-04
[11,] 9.837153e-05 1.081059e-04 8.493854e-05 9.434178e-05 8.385768e-05 9.462966e-05
[12,] 9.212621e-05 1.284242e-04 7.340223e-05 8.915920e-05 8.318375e-05 9.777855e-05
[13,] 1.129019e-04 1.421532e-04 9.982300e-05 1.074169e-04 1.060631e-04 1.235758e-04
[14,] 1.087170e-04 1.252303e-04 1.055514e-04 1.053423e-04 1.122483e-04 1.104738e-04
[15,] 1.138028e-04 1.268013e-04 1.106026e-04 1.025214e-04 1.035402e-04 1.166070e-04
[16,] 1.117210e-04 1.192897e-04 1.078532e-04 1.073081e-04 1.842534e-04 1.027895e-04
[17,] 1.116814e-04 1.507600e-04 9.866785e-05 1.039050e-04 1.045874e-04 1.126297e-04
[18,] 9.073941e-05 9.468177e-05 8.687518e-05 8.683852e-05 6.968742e-05 9.093064e-05
[19,] 1.528364e-04 1.170713e-04 1.103209e-04 1.167990e-04 1.102022e-04 1.165871e-04
[20,] 1.170713e-04 2.604056e-04 1.016843e-04 1.112582e-04 1.135875e-04 1.254782e-04
[21,] 1.103209e-04 1.016843e-04 3.110686e-04 1.280593e-04 1.122425e-04 1.136146e-04
[22,] 1.167990e-04 1.112582e-04 1.280593e-04 2.048047e-04 1.109533e-04 1.151158e-04
[23,] 1.102022e-04 1.135875e-04 1.122425e-04 1.109533e-04 2.313901e-04 1.074308e-04
[24,] 1.165871e-04 1.254782e-04 1.136146e-04 1.151158e-04 1.074308e-04 1.664720e-04
[25,] 9.947255e-05 1.480710e-04 9.262202e-05 8.663516e-05 1.102827e-04 1.193524e-04
[26,] 1.183505e-04 1.242945e-04 1.088614e-04 1.198287e-04 1.345650e-04 1.137862e-04
[27,] 1.155751e-04 1.160380e-04 1.420963e-04 1.290820e-04 1.156712e-04 1.175565e-04
             [,25]        [,26]        [,27]        [,28]        [,29]        [,30]
 [1,] 7.064372e-05 9.670201e-05 8.889638e-05 1.052526e-04 1.006613e-04 9.845597e-05
 [2,] 2.451798e-05 5.470092e-05 8.509839e-05 6.928390e-05 6.100077e-05 6.867482e-05
 [3,] 1.118028e-04 1.137559e-04 1.062976e-04 1.040139e-04 1.060747e-04 1.080139e-04
 [4,] 1.033186e-04 1.074235e-04 1.031297e-04 9.899152e-05 1.016666e-04 1.038216e-04
 [5,] 7.585399e-05 1.025769e-04 1.082880e-04 1.019032e-04 1.015054e-04 9.845723e-05
 [6,] 1.218859e-04 1.118069e-04 1.098534e-04 1.149313e-04 1.109078e-04 1.189124e-04
 [7,] 7.120443e-05 8.075914e-05 1.076757e-04 8.763165e-05 8.942370e-05 7.688466e-05
 [8,] 1.217125e-04 1.154072e-04 1.099426e-04 1.138447e-04 1.172962e-04 1.157572e-04
 [9,] 1.007830e-04 1.308923e-04 1.357230e-04 1.593720e-04 1.150448e-04 1.536275e-04
[10,] 1.018700e-04 1.226917e-04 1.225172e-04 1.324081e-04 1.105803e-04 1.353272e-04
[11,] 8.395287e-05 1.112459e-04 8.833884e-05 9.584990e-05 8.606002e-05 9.245846e-05
[12,] 8.023981e-05 9.260232e-05 1.019503e-04 9.274528e-05 1.001155e-04 9.300762e-05
[13,] 1.220796e-04 1.131913e-04 1.081874e-04 1.122790e-04 1.177739e-04 1.224675e-04
[14,] 1.053038e-04 1.180340e-04 1.139110e-04 1.096624e-04 1.119926e-04 1.184359e-04
[15,] 1.163411e-04 1.194090e-04 1.115593e-04 1.098762e-04 1.091340e-04 1.147686e-04
[16,] 1.208059e-04 1.336941e-04 1.107604e-04 1.153905e-04 1.041663e-04 1.123254e-04
[17,] 1.190669e-04 1.126985e-04 1.093434e-04 1.107373e-04 1.129275e-04 1.150407e-04
[18,] 4.965056e-05 7.910414e-05 1.002526e-04 8.071752e-05 9.015896e-05 8.124163e-05
[19,] 9.947255e-05 1.183505e-04 1.155751e-04 1.207644e-04 1.113391e-04 1.260969e-04
[20,] 1.480710e-04 1.242945e-04 1.160380e-04 1.177281e-04 1.220685e-04 1.235879e-04
[21,] 9.262202e-05 1.088614e-04 1.420963e-04 1.253314e-04 1.122786e-04 1.167826e-04
[22,] 8.663516e-05 1.198287e-04 1.290820e-04 1.261241e-04 1.112773e-04 1.252686e-04
[23,] 1.102827e-04 1.345650e-04 1.156712e-04 1.118218e-04 1.065230e-04 1.140642e-04
[24,] 1.193524e-04 1.137862e-04 1.175565e-04 1.137595e-04 1.212613e-04 1.204325e-04
[25,] 3.172670e-04 1.146730e-04 1.086661e-04 1.027249e-04 1.103804e-04 1.098435e-04
[26,] 1.146730e-04 2.042007e-04 1.250299e-04 1.321777e-04 1.093383e-04 1.334877e-04
[27,] 1.086661e-04 1.250299e-04 2.684085e-04 1.384808e-04 1.150387e-04 1.293086e-04
             [,31]        [,32]        [,33]        [,34]        [,35]        [,36]
 [1,] 8.607191e-05 9.781355e-05 9.654238e-05 1.007939e-04 6.819898e-05 9.003792e-05
 [2,] 3.975437e-05 7.559144e-05 6.078794e-05 7.673514e-05 6.518878e-05 5.300650e-05
 [3,] 1.013122e-04 1.131443e-04 1.085889e-04 1.048470e-04 8.842050e-05 1.080044e-04
 [4,] 8.871976e-05 1.093643e-04 1.063872e-04 1.018322e-04 7.505451e-05 1.002294e-04
 [5,] 8.231921e-05 1.075900e-04 1.007378e-04 9.915221e-05 5.828797e-05 9.707072e-05
 [6,] 1.006869e-04 1.080808e-04 1.148986e-04 1.118316e-04 8.678326e-05 1.087777e-04
 [7,] 6.598871e-05 1.077494e-04 8.599227e-05 8.418359e-05 8.659946e-05 5.404400e-05
 [8,] 1.078168e-04 1.114630e-04 1.179103e-04 1.121407e-04 9.664728e-05 1.171094e-04
 [9,] 9.131488e-05 1.301699e-04 1.136119e-04 1.326965e-04 1.052618e-04 1.001263e-04
[10,] 9.932024e-05 1.192691e-04 1.166894e-04 1.201044e-04 1.042239e-04 1.040112e-04
[11,] 9.582410e-05 9.245537e-05 9.980185e-05 9.106163e-05 7.442335e-05 9.604663e-05
[12,] 7.571057e-05 1.161657e-04 9.957409e-05 9.859161e-05 5.728515e-05 8.860210e-05
[13,] 1.059967e-04 1.110724e-04 1.228903e-04 1.187759e-04 8.840015e-05 1.143602e-04
[14,] 1.055260e-04 1.190245e-04 1.136653e-04 1.061783e-04 9.997234e-05 1.084049e-04
[15,] 9.701113e-05 1.167155e-04 1.161994e-04 1.090156e-04 9.003841e-05 1.078817e-04
[16,] 1.164641e-04 1.051063e-04 1.052650e-04 1.129766e-04 1.585914e-04 1.266066e-04
[17,] 1.044882e-04 1.111675e-04 1.167867e-04 1.139091e-04 9.255432e-05 1.150413e-04
[18,] 6.152571e-05 1.091593e-04 8.691776e-05 9.556291e-05 4.493693e-05 6.769157e-05
[19,] 1.000782e-04 1.119737e-04 1.179306e-04 1.144498e-04 9.095882e-05 1.028162e-04
[20,] 1.132205e-04 1.150869e-04 1.266805e-04 1.273195e-04 9.088304e-05 1.225778e-04
[21,] 7.582170e-05 1.436526e-04 1.051344e-04 1.234025e-04 1.034379e-04 7.742386e-05
[22,] 9.355079e-05 1.259457e-04 1.096346e-04 1.274435e-04 1.125357e-04 9.330475e-05
[23,] 1.101188e-04 1.009805e-04 1.079845e-04 1.140711e-04 1.423581e-04 1.176534e-04
[24,] 9.949568e-05 1.208189e-04 1.208491e-04 1.239216e-04 9.234590e-05 1.042476e-04
[25,] 1.034811e-04 9.409130e-05 1.167500e-04 1.030169e-04 9.591256e-05 1.037701e-04
[26,] 1.022574e-04 1.108145e-04 1.203291e-04 1.265781e-04 1.075193e-04 1.126582e-04
[27,] 9.483267e-05 1.724192e-04 1.144306e-04 1.540046e-04 1.053802e-04 9.967469e-05
             [,37]
 [1,] 7.123848e-05
 [2,] 6.492917e-05
 [3,] 8.698404e-05
 [4,] 7.426711e-05
 [5,] 5.992993e-05
 [6,] 8.921617e-05
 [7,] 7.913705e-05
 [8,] 9.742404e-05
 [9,] 1.025147e-04
[10,] 1.060032e-04
[11,] 7.512034e-05
[12,] 5.351049e-05
[13,] 8.632136e-05
[14,] 9.770216e-05
[15,] 9.076423e-05
[16,] 1.554592e-04
[17,] 9.536762e-05
[18,] 4.573400e-05
[19,] 9.483545e-05
[20,] 9.575706e-05
[21,] 1.029596e-04
[22,] 1.030459e-04
[23,] 1.459979e-04
[24,] 9.219847e-05
[25,] 9.144918e-05
[26,] 1.053660e-04
[27,] 9.668386e-05
 [ reached getOption("max.print") -- omitted 10 rows ]

$covH
             [,1]
[1,] 0.0001116063

