      ItemH #ac #vi #vi/#ac maxvi  sum sum/#ac zmax #zsig crit
r30e   0.38 144   0    0.00  0.00 0.00  0.0000 0.00     0    0
a14i   0.20 144   4    0.03  0.06 0.17  0.0012 0.96     0   25
r47i   0.38 137   0    0.00  0.00 0.00  0.0000 0.00     0    0
r51i   0.39 129   0    0.00  0.00 0.00  0.0000 0.00     0    0
a7i    0.34 144   0    0.00  0.00 0.00  0.0000 0.00     0    0
a1i    0.46 129   2    0.02  0.04 0.08  0.0006 1.03     0    7
e90f   0.26 144   2    0.01  0.08 0.12  0.0009 1.24     0   22
a67i   0.48 115   0    0.00  0.00 0.00  0.0000 0.00     0    0
e76m   0.44 136   2    0.01  0.04 0.07  0.0005 0.66     0    5
e98m   0.48 120   0    0.00  0.00 0.00  0.0000 0.00     0    0
r56i   0.34 144   0    0.00  0.00 0.00  0.0000 0.00     0    0
a22i   0.30 144   1    0.01  0.03 0.03  0.0002 0.39     0    9
a69i   0.47 130   0    0.00  0.00 0.00  0.0000 0.00     0    0
r50i   0.41 144   0    0.00  0.00 0.00  0.0000 0.00     0    0
r52i   0.44 138   0    0.00  0.00 0.00  0.0000 0.00     0    0
e86a   0.41 110   0    0.00  0.00 0.00  0.0000 0.00     0    0
a28i   0.46 130   0    0.00  0.00 0.00  0.0000 0.00     0    0
a131   0.28 144   2    0.01  0.04 0.07  0.0005 0.87     0   15
e100a  0.51 108   1    0.01  0.03 0.03  0.0003 0.49     0   -2
a11i   0.41 144   0    0.00  0.00 0.00  0.0000 0.00     0    0
e91f   0.35 144   3    0.02  0.09 0.16  0.0011 1.28     0   21
a26ee  0.45 144   2    0.01  0.04 0.07  0.0005 0.93     0    7
e88a   0.43  99   1    0.01  0.04 0.04  0.0004 0.83     0    5
r66i   0.50 115   0    0.00  0.00 0.00  0.0000 0.00     0    0
a2i    0.37 132   2    0.02  0.05 0.09  0.0007 1.17     0   14
e80a   0.46 129   0    0.00  0.00 0.00  0.0000 0.00     0    0
e93s   0.42 144   2    0.01  0.10 0.16  0.0011 1.50     0   19
e77m   0.42 144   1    0.01  0.05 0.05  0.0004 0.68     0    6
r62i   0.50 123   1    0.01  0.04 0.04  0.0003 1.45     0    4
e82m   0.41 144   0    0.00  0.00 0.00  0.0000 0.00     0    0
r61i   0.38 117   2    0.02  0.04 0.08  0.0007 1.01     0   11
e85s   0.46 113   0    0.00  0.00 0.00  0.0000 0.00     0    0
a68i   0.50 115   0    0.00  0.00 0.00  0.0000 0.00     0    0
e102m  0.39 144   0    0.00  0.00 0.00  0.0000 0.00     0    0
a74ee  0.34 123   2    0.02  0.07 0.11  0.0009 0.96     0   16
r54i   0.40 128   2    0.02  0.06 0.10  0.0008 1.13     0   13
a72ee  0.33 115   1    0.01  0.04 0.04  0.0004 0.79     0   10
