$results
$results[[1]]
$results[[1]][[1]]
[1] "r30e"

$results[[1]][[2]]
      Group Lo Score Hi Score   N F 0 F 1 F 2 F 3 F 4      Mean  P(X >=1)  P(X >=2)   P(X >=3)
 [1,]     1        9       48 119  68  23  20   6   2 0.7478992 0.4285714 0.2352941 0.06722689
 [2,]     2       49       60 115  32  38  37   6   2 1.2000000 0.7217391 0.3913043 0.06956522
 [3,]     3       61       70 125  32  40  39  13   1 1.2880000 0.7440000 0.4240000 0.11200000
 [4,]     4       71       80 126  28  42  39  14   3 1.3809524 0.7777778 0.4444444 0.13492063
 [5,]     5       81       89 117  12  20  52  23  10 1.9914530 0.8974359 0.7264957 0.28205128
 [6,]     6       90      100 122  15  21  49  30   7 1.9426230 0.8770492 0.7049180 0.30327869
 [7,]     7      101      109 114   1  17  51  21  24 2.4385965 0.9912281 0.8421053 0.39473684
 [8,]     8      110      119 116   4  14  35  39  24 2.5603448 0.9655172 0.8448276 0.54310345
 [9,]     9      120      144 170   4  10  56  42  58 2.8235294 0.9764706 0.9176471 0.58823529
        P(X >=4)
 [1,] 0.01680672
 [2,] 0.01739130
 [3,] 0.00800000
 [4,] 0.02380952
 [5,] 0.08547009
 [6,] 0.05737705
 [7,] 0.21052632
 [8,] 0.20689655
 [9,] 0.34117647

$results[[1]][[3]]
         #ac #vi #vi/#ac maxvi sum sum/#ac zmax group group #zsig
P(X >=1)  36   0       0     0   0       0    0     0     0     0
P(X >=2)  36   0       0     0   0       0    0     0     0     0
P(X >=3)  36   0       0     0   0       0    0     0     0     0
P(X >=4)  36   0       0     0   0       0    0     0     0     0
Total    144   0       0     0   0       0    0     0     0     0

$results[[1]][[4]]
[1] "Minsize = 112 Minvi = 0.03"


$results[[2]]
$results[[2]][[1]]
[1] "a14i"

$results[[2]][[2]]
      Group Lo Score Hi Score   N F 0 F 1 F 2 F 3 F 4     Mean  P(X >=1)  P(X >=2)  P(X >=3)
 [1,]     1        7       46 112  10  18  29  35  20 2.330357 0.9107143 0.7500000 0.4910714
 [2,]     2       47       59 117   6  16  34  41  20 2.452991 0.9487179 0.8119658 0.5213675
 [3,]     3       60       68 121   7  23  29  36  26 2.421488 0.9421488 0.7520661 0.5123967
 [4,]     4       69       77 116   3  19  26  40  28 2.612069 0.9741379 0.8103448 0.5862069
 [5,]     5       78       87 125   7   9  38  46  25 2.584000 0.9440000 0.8720000 0.5680000
 [6,]     6       88       98 120   5   7  28  49  31 2.783333 0.9583333 0.9000000 0.6666667
 [7,]     7       99      107 112   4   6  27  50  25 2.767857 0.9642857 0.9107143 0.6696429
 [8,]     8      108      117 118   2   4  24  37  51 3.110169 0.9830508 0.9491525 0.7457627
 [9,]     9      118      144 183   2   2  20  66  93 3.344262 0.9890710 0.9781421 0.8688525
       P(X >=4)
 [1,] 0.1785714
 [2,] 0.1709402
 [3,] 0.2148760
 [4,] 0.2413793
 [5,] 0.2000000
 [6,] 0.2583333
 [7,] 0.2232143
 [8,] 0.4322034
 [9,] 0.5081967

$results[[2]][[3]]
         #ac #vi    #vi/#ac      maxvi        sum      sum/#ac      zmax group group #zsig
P(X >=1)  36   1 0.02777778 0.03013793 0.03013793 0.0008371648 0.8142687     4     5     0
P(X >=2)  36   1 0.02777778 0.05989970 0.05989970 0.0016638805 0.9594654     2     3     0
P(X >=3)  36   0 0.00000000 0.00000000 0.00000000 0.0000000000 0.0000000     0     0     0
P(X >=4)  36   2 0.05555556 0.04137931 0.07649836 0.0021249544 0.6210939     4     5     0
Total    144   4 0.02777778 0.05989970 0.16653599 0.0011564999 0.9594654     0     0     0

$results[[2]][[4]]
[1] "Minsize = 112 Minvi = 0.03"


$results[[3]]
$results[[3]][[1]]
[1] "r47i"

$results[[3]][[2]]
      Group Lo Score Hi Score   N F 0 F 1 F 2 F 3 F 4     Mean  P(X >=1)  P(X >=2)  P(X >=3)
 [1,]     1        9       47 112  33  35  30   7   7 1.285714 0.7053571 0.3928571 0.1250000
 [2,]     2       48       59 114  17  27  42  23   5 1.754386 0.8508772 0.6140351 0.2456140
 [3,]     3       60       68 123  12  27  38  34  12 2.056911 0.9024390 0.6829268 0.3739837
 [4,]     4       69       78 119   7  26  38  36  12 2.168067 0.9411765 0.7226891 0.4033613
 [5,]     5       79       87 118  10  20  29  33  26 2.381356 0.9152542 0.7457627 0.5000000
 [6,]     6       88       97 119   9   9  27  44  30 2.647059 0.9243697 0.8487395 0.6218487
 [7,]     7       98      107 115   2  10  20  38  45 2.991304 0.9826087 0.8956522 0.7217391
 [8,]     8      108      117 120   0   9  19  34  58 3.175000 1.0000000 0.9250000 0.7666667
 [9,]     9      118      144 184   1   1  23  29 130 3.554348 0.9945652 0.9891304 0.8641304
        P(X >=4)
 [1,] 0.06250000
 [2,] 0.04385965
 [3,] 0.09756098
 [4,] 0.10084034
 [5,] 0.22033898
 [6,] 0.25210084
 [7,] 0.39130435
 [8,] 0.48333333
 [9,] 0.70652174

$results[[3]][[3]]
         #ac #vi #vi/#ac maxvi sum sum/#ac zmax group group #zsig
P(X >=1)  29   0       0     0   0       0    0     0     0     0
P(X >=2)  36   0       0     0   0       0    0     0     0     0
P(X >=3)  36   0       0     0   0       0    0     0     0     0
P(X >=4)  36   0       0     0   0       0    0     0     0     0
Total    137   0       0     0   0       0    0     0     0     0

$results[[3]][[4]]
[1] "Minsize = 112 Minvi = 0.03"


$results[[4]]
$results[[4]][[1]]
[1] "r51i"

$results[[4]][[2]]
      Group Lo Score Hi Score   N F 0 F 1 F 2 F 3 F 4     Mean  P(X >=1)  P(X >=2)  P(X >=3)
 [1,]     1        9       47 112  30  39  28   8   7 1.312500 0.7321429 0.3839286 0.1339286
 [2,]     2       48       59 115  16  35  36  20   8 1.730435 0.8608696 0.5565217 0.2434783
 [3,]     3       60       68 121  16  27  39  31   8 1.900826 0.8677686 0.6446281 0.3223140
 [4,]     4       69       78 125   5  18  48  43  11 2.296000 0.9600000 0.8160000 0.4320000
 [5,]     5       79       87 114   5  16  29  40  24 2.543860 0.9561404 0.8157895 0.5614035
 [6,]     6       88       97 118   2  13  28  39  36 2.796610 0.9830508 0.8728814 0.6355932
 [7,]     7       98      107 117   2   7  20  46  42 3.017094 0.9829060 0.9230769 0.7521368
 [8,]     8      108      117 120   0   5  24  31  60 3.216667 1.0000000 0.9583333 0.7583333
 [9,]     9      118      144 182   0   2  20  35 125 3.554945 1.0000000 0.9890110 0.8791209
        P(X >=4)
 [1,] 0.06250000
 [2,] 0.06956522
 [3,] 0.06611570
 [4,] 0.08800000
 [5,] 0.21052632
 [6,] 0.30508475
 [7,] 0.35897436
 [8,] 0.50000000
 [9,] 0.68681319

$results[[4]][[3]]
         #ac #vi #vi/#ac maxvi sum sum/#ac zmax group group #zsig
P(X >=1)  21   0       0     0   0       0    0     0     0     0
P(X >=2)  36   0       0     0   0       0    0     0     0     0
P(X >=3)  36   0       0     0   0       0    0     0     0     0
P(X >=4)  36   0       0     0   0       0    0     0     0     0
Total    129   0       0     0   0       0    0     0     0     0

$results[[4]][[4]]
[1] "Minsize = 112 Minvi = 0.03"


$results[[5]]
$results[[5]][[1]]
[1] "a7i"

$results[[5]][[2]]
      Group Lo Score Hi Score   N F 0 F 1 F 2 F 3 F 4     Mean  P(X >=1)  P(X >=2)  P(X >=3)
 [1,]     1        9       48 119  59  19  19  14   8 1.100840 0.5042017 0.3445378 0.1848739
 [2,]     2       49       60 117  39  23  25  21   9 1.470085 0.6666667 0.4700855 0.2564103
 [3,]     3       61       69 122  31  23  24  25  19 1.819672 0.7459016 0.5573770 0.3606557
 [4,]     4       70       79 121  25  17  23  36  20 2.074380 0.7933884 0.6528926 0.4628099
 [5,]     5       80       88 120  21  17  29  32  21 2.125000 0.8250000 0.6833333 0.4416667
 [6,]     6       89       99 119  16  10  16  49  28 2.529412 0.8655462 0.7815126 0.6470588
 [7,]     7      100      109 125  10  15  12  49  39 2.736000 0.9200000 0.8000000 0.7040000
 [8,]     8      110      119 121   7   6  11  44  53 3.074380 0.9421488 0.8925620 0.8016529
 [9,]     9      120      144 160   4   0  18  44  94 3.400000 0.9750000 0.9750000 0.8625000
        P(X >=4)
 [1,] 0.06722689
 [2,] 0.07692308
 [3,] 0.15573770
 [4,] 0.16528926
 [5,] 0.17500000
 [6,] 0.23529412
 [7,] 0.31200000
 [8,] 0.43801653
 [9,] 0.58750000

$results[[5]][[3]]
         #ac #vi #vi/#ac maxvi sum sum/#ac zmax group group #zsig
P(X >=1)  36   0       0     0   0       0    0     0     0     0
P(X >=2)  36   0       0     0   0       0    0     0     0     0
P(X >=3)  36   0       0     0   0       0    0     0     0     0
P(X >=4)  36   0       0     0   0       0    0     0     0     0
Total    144   0       0     0   0       0    0     0     0     0

$results[[5]][[4]]
[1] "Minsize = 112 Minvi = 0.03"


$results[[6]]
$results[[6]][[1]]
[1] "a1i"

$results[[6]][[2]]
      Group Lo Score Hi Score   N F 0 F 1 F 2 F 3 F 4      Mean  P(X >=1)  P(X >=2)   P(X >=3)
 [1,]     1        9       47 118  56  33  19   7   3 0.8813559 0.5254237 0.2457627 0.08474576
 [2,]     2       48       60 113  26  25  44  13   5 1.5221239 0.7699115 0.5486726 0.15929204
 [3,]     3       61       68 116  21  32  38  19   6 1.6293103 0.8189655 0.5431034 0.21551724
 [4,]     4       69       78 126   9  17  55  28  17 2.2142857 0.9285714 0.7936508 0.35714286
 [5,]     5       79       87 115   4  15  34  40  22 2.5304348 0.9652174 0.8347826 0.53913043
 [6,]     6       88       97 114   2   6  26  47  33 2.9035088 0.9824561 0.9298246 0.70175439
 [7,]     7       98      106 115   6   7  15  44  43 2.9652174 0.9478261 0.8869565 0.75652174
 [8,]     8      107      116 116   0   3  17  32  64 3.3534483 1.0000000 0.9741379 0.82758621
 [9,]     9      117      144 191   0   1   6  30 154 3.7643979 1.0000000 0.9947644 0.96335079
        P(X >=4)
 [1,] 0.02542373
 [2,] 0.04424779
 [3,] 0.05172414
 [4,] 0.13492063
 [5,] 0.19130435
 [6,] 0.28947368
 [7,] 0.37391304
 [8,] 0.55172414
 [9,] 0.80628272

$results[[6]][[3]]
         #ac #vi    #vi/#ac      maxvi        sum      sum/#ac      zmax group group #zsig
P(X >=1)  21   1 0.04761905 0.03463005 0.03463005 0.0016490502 1.0274478     6     7     0
P(X >=2)  36   1 0.02777778 0.04286804 0.04286804 0.0011907789 0.8840919     6     7     0
P(X >=3)  36   0 0.00000000 0.00000000 0.00000000 0.0000000000 0.0000000     0     0     0
P(X >=4)  36   0 0.00000000 0.00000000 0.00000000 0.0000000000 0.0000000     0     0     0
Total    129   2 0.01550388 0.04286804 0.07749809 0.0006007604 1.0274478     0     0     0

$results[[6]][[4]]
[1] "Minsize = 112 Minvi = 0.03"


$results[[7]]
$results[[7]][[1]]
[1] "e90f"

$results[[7]][[2]]
      Group Lo Score Hi Score   N F 0 F 1 F 2 F 3 F 4     Mean  P(X >=1)  P(X >=2)  P(X >=3)
 [1,]     1        9       48 119  41  36  23  12   7 1.226891 0.6554622 0.3529412 0.1596639
 [2,]     2       49       60 117  29  29  26  25   8 1.606838 0.7521368 0.5042735 0.2820513
 [3,]     3       61       70 122  29  35  33  16   9 1.516393 0.7622951 0.4754098 0.2049180
 [4,]     4       71       79 119  22  35  34  16  12 1.672269 0.8151261 0.5210084 0.2352941
 [5,]     5       80       88 117  18  29  33  23  14 1.880342 0.8461538 0.5982906 0.3162393
 [6,]     6       89       98 114  13  33  24  21  23 2.070175 0.8859649 0.5964912 0.3859649
 [7,]     7       99      108 115  12  20  34  29  20 2.217391 0.8956522 0.7217391 0.4260870
 [8,]     8      109      118 122  14  21  32  29  26 2.262295 0.8852459 0.7131148 0.4508197
 [9,]     9      119      144 179  10  13  31  43  82 2.972067 0.9441341 0.8715084 0.6983240
        P(X >=4)
 [1,] 0.05882353
 [2,] 0.06837607
 [3,] 0.07377049
 [4,] 0.10084034
 [5,] 0.11965812
 [6,] 0.20175439
 [7,] 0.17391304
 [8,] 0.21311475
 [9,] 0.45810056

$results[[7]][[3]]
         #ac #vi    #vi/#ac      maxvi       sum      sum/#ac    zmax group group #zsig
P(X >=1)  36   0 0.00000000 0.00000000 0.0000000 0.0000000000 0.00000     0     0     0
P(X >=2)  36   0 0.00000000 0.00000000 0.0000000 0.0000000000 0.00000     0     0     0
P(X >=3)  36   2 0.05555556 0.07713325 0.1238904 0.0034414004 1.24024     2     3     0
P(X >=4)  36   0 0.00000000 0.00000000 0.0000000 0.0000000000 0.00000     0     0     0
Total    144   2 0.01388889 0.07713325 0.1238904 0.0008603501 1.24024     0     0     0

$results[[7]][[4]]
[1] "Minsize = 112 Minvi = 0.03"


$results[[8]]
$results[[8]][[1]]
[1] "a67i"

$results[[8]][[2]]
      Group Lo Score Hi Score   N F 0 F 1 F 2 F 3 F 4      Mean  P(X >=1)  P(X >=2)   P(X >=3)
 [1,]     1        9       47 114  49  39  17   8   1 0.8859649 0.5701754 0.2280702 0.07894737
 [2,]     2       48       60 126  20  42  45  14   5 1.5396825 0.8412698 0.5079365 0.15079365
 [3,]     3       61       69 115  11  38  33  26   7 1.8260870 0.9043478 0.5739130 0.28695652
 [4,]     4       70       78 112   7  25  42  28  10 2.0803571 0.9375000 0.7142857 0.33928571
 [5,]     5       79       87 120   4   9  39  50  18 2.5750000 0.9666667 0.8916667 0.56666667
 [6,]     6       88       97 116   2   7  31  45  31 2.8275862 0.9827586 0.9224138 0.65517241
 [7,]     7       98      107 121   0   3  23  56  39 3.0826446 1.0000000 0.9752066 0.78512397
 [8,]     8      108      117 119   0   2  11  44  62 3.3949580 1.0000000 0.9831933 0.89075630
 [9,]     9      118      144 181   0   0   8  28 145 3.7569061 1.0000000 1.0000000 0.95580110
        P(X >=4)
 [1,] 0.00877193
 [2,] 0.03968254
 [3,] 0.06086957
 [4,] 0.08928571
 [5,] 0.15000000
 [6,] 0.26724138
 [7,] 0.32231405
 [8,] 0.52100840
 [9,] 0.80110497

$results[[8]][[3]]
         #ac #vi #vi/#ac maxvi sum sum/#ac zmax group group #zsig
P(X >=1)  15   0       0     0   0       0    0     0     0     0
P(X >=2)  28   0       0     0   0       0    0     0     0     0
P(X >=3)  36   0       0     0   0       0    0     0     0     0
P(X >=4)  36   0       0     0   0       0    0     0     0     0
Total    115   0       0     0   0       0    0     0     0     0

$results[[8]][[4]]
[1] "Minsize = 112 Minvi = 0.03"


$results[[9]]
$results[[9]][[1]]
[1] "e76m"

$results[[9]][[2]]
      Group Lo Score Hi Score   N F 0 F 1 F 2 F 3 F 4      Mean  P(X >=1)  P(X >=2)   P(X >=3)
 [1,]     1        9       48 116  70  26  16   2   2 0.6206897 0.3965517 0.1724138 0.03448276
 [2,]     2       49       60 114  41  32  27  10   4 1.1578947 0.6403509 0.3596491 0.12280702
 [3,]     3       61       68 114  34  28  34  12   6 1.3684211 0.7017544 0.4561404 0.15789474
 [4,]     4       69       78 117  20  31  32  21  13 1.7948718 0.8290598 0.5641026 0.29059829
 [5,]     5       79       87 120  10  22  39  28  21 2.2333333 0.9166667 0.7333333 0.40833333
 [6,]     6       88       97 119  14  22  31  28  24 2.2184874 0.8823529 0.6974790 0.43697479
 [7,]     7       98      107 120   4  15  34  35  32 2.6333333 0.9666667 0.8416667 0.55833333
 [8,]     8      108      116 112   3   7  23  32  47 3.0089286 0.9732143 0.9107143 0.70535714
 [9,]     9      117      144 192   0   3   8  43 138 3.6458333 1.0000000 0.9843750 0.94270833
        P(X >=4)
 [1,] 0.01724138
 [2,] 0.03508772
 [3,] 0.05263158
 [4,] 0.11111111
 [5,] 0.17500000
 [6,] 0.20168067
 [7,] 0.26666667
 [8,] 0.41964286
 [9,] 0.71875000

$results[[9]][[3]]
         #ac #vi    #vi/#ac      maxvi        sum      sum/#ac      zmax group group #zsig
P(X >=1)  28   1 0.03571429 0.03431373 0.03431373 0.0012254902 0.6606611     5     6     0
P(X >=2)  36   1 0.02777778 0.03585434 0.03585434 0.0009959539 0.4712704     5     6     0
P(X >=3)  36   0 0.00000000 0.00000000 0.00000000 0.0000000000 0.0000000     0     0     0
P(X >=4)  36   0 0.00000000 0.00000000 0.00000000 0.0000000000 0.0000000     0     0     0
Total    136   2 0.01470588 0.03585434 0.07016807 0.0005159417 0.6606611     0     0     0

$results[[9]][[4]]
[1] "Minsize = 112 Minvi = 0.03"


$results[[10]]
$results[[10]][[1]]
[1] "e98m"

$results[[10]][[2]]
      Group Lo Score Hi Score   N F 0 F 1 F 2 F 3 F 4      Mean  P(X >=1)  P(X >=2)   P(X >=3)
 [1,]     1        9       48 120  65  42  11   2   0 0.5833333 0.4583333 0.1083333 0.01666667
 [2,]     2       49       60 112  28  44  32   4   4 1.2142857 0.7500000 0.3571429 0.07142857
 [3,]     3       61       69 122  26  35  39  13   9 1.5409836 0.7868852 0.5000000 0.18032787
 [4,]     4       70       79 128  17  35  33  24  19 1.9453125 0.8671875 0.5937500 0.33593750
 [5,]     5       80       88 115   6  17  38  38  16 2.3565217 0.9478261 0.8000000 0.46956522
 [6,]     6       89       98 119   5  21  27  40  26 2.5126050 0.9579832 0.7815126 0.55462185
 [7,]     7       99      108 118   3   5  26  35  49 3.0338983 0.9745763 0.9322034 0.71186441
 [8,]     8      109      118 118   1   1  16  36  64 3.3644068 0.9915254 0.9830508 0.84745763
 [9,]     9      119      144 172   0   0   6  22 144 3.8023256 1.0000000 1.0000000 0.96511628
        P(X >=4)
 [1,] 0.00000000
 [2,] 0.03571429
 [3,] 0.07377049
 [4,] 0.14843750
 [5,] 0.13913043
 [6,] 0.21848739
 [7,] 0.41525424
 [8,] 0.54237288
 [9,] 0.83720930

$results[[10]][[3]]
         #ac #vi #vi/#ac maxvi sum sum/#ac zmax group group #zsig
P(X >=1)  28   0       0     0   0       0    0     0     0     0
P(X >=2)  28   0       0     0   0       0    0     0     0     0
P(X >=3)  36   0       0     0   0       0    0     0     0     0
P(X >=4)  28   0       0     0   0       0    0     0     0     0
Total    120   0       0     0   0       0    0     0     0     0

$results[[10]][[4]]
[1] "Minsize = 112 Minvi = 0.03"


$results[[11]]
$results[[11]][[1]]
[1] "r56i"

$results[[11]][[2]]
      Group Lo Score Hi Score   N F 0 F 1 F 2 F 3 F 4     Mean  P(X >=1)  P(X >=2)  P(X >=3)
 [1,]     1        7       47 116  31  27  20  27  11 1.655172 0.7327586 0.5000000 0.3275862
 [2,]     2       48       59 116  15  19  33  32  17 2.146552 0.8706897 0.7068966 0.4224138
 [3,]     3       60       68 116   8  18  28  42  20 2.413793 0.9310345 0.7758621 0.5344828
 [4,]     4       69       77 113   5  15  23  37  33 2.690265 0.9557522 0.8230088 0.6194690
 [5,]     5       78       86 116   6   9  23  47  31 2.758621 0.9482759 0.8706897 0.6724138
 [6,]     6       87       96 116   3  12  19  40  42 2.913793 0.9741379 0.8706897 0.7068966
 [7,]     7       97      105 113   1   7  19  31  55 3.168142 0.9911504 0.9292035 0.7610619
 [8,]     8      106      115 112   2   7  13  28  62 3.258929 0.9821429 0.9196429 0.8035714
 [9,]     9      116      144 206   2   1  14  39 150 3.621359 0.9902913 0.9854369 0.9174757
        P(X >=4)
 [1,] 0.09482759
 [2,] 0.14655172
 [3,] 0.17241379
 [4,] 0.29203540
 [5,] 0.26724138
 [6,] 0.36206897
 [7,] 0.48672566
 [8,] 0.55357143
 [9,] 0.72815534

$results[[11]][[3]]
         #ac #vi #vi/#ac maxvi sum sum/#ac zmax group group #zsig
P(X >=1)  36   0       0     0   0       0    0     0     0     0
P(X >=2)  36   0       0     0   0       0    0     0     0     0
P(X >=3)  36   0       0     0   0       0    0     0     0     0
P(X >=4)  36   0       0     0   0       0    0     0     0     0
Total    144   0       0     0   0       0    0     0     0     0

$results[[11]][[4]]
[1] "Minsize = 112 Minvi = 0.03"


$results[[12]]
$results[[12]][[1]]
[1] "a22i"

$results[[12]][[2]]
      Group Lo Score Hi Score   N F 0 F 1 F 2 F 3 F 4      Mean  P(X >=1)  P(X >=2)  P(X >=3)
 [1,]     1        9       48 117  72  21  10   9   5 0.7521368 0.3846154 0.2051282 0.1196581
 [2,]     2       49       60 116  50  20  11  24  11 1.3620690 0.5689655 0.3965517 0.3017241
 [3,]     3       61       69 117  41  19  20  24  13 1.5641026 0.6495726 0.4871795 0.3162393
 [4,]     4       70       78 112  43  14  13  23  19 1.6517857 0.6160714 0.4910714 0.3750000
 [5,]     5       79       87 115  40  17  16  17  25 1.7391304 0.6521739 0.5043478 0.3652174
 [6,]     6       88       97 114  29  14  21  25  25 2.0263158 0.7456140 0.6228070 0.4385965
 [7,]     7       98      107 121  25   9  22  22  43 2.4049587 0.7933884 0.7190083 0.5371901
 [8,]     8      108      116 113  22   8  11  31  41 2.5398230 0.8053097 0.7345133 0.6371681
 [9,]     9      117      144 199  14  13  30  41 101 3.0150754 0.9296482 0.8643216 0.7135678
        P(X >=4)
 [1,] 0.04273504
 [2,] 0.09482759
 [3,] 0.11111111
 [4,] 0.16964286
 [5,] 0.21739130
 [6,] 0.21929825
 [7,] 0.35537190
 [8,] 0.36283186
 [9,] 0.50753769

$results[[12]][[3]]
         #ac #vi     #vi/#ac      maxvi        sum      sum/#ac      zmax group group #zsig
P(X >=1)  36   1 0.027777778 0.03350122 0.03350122 0.0009305895 0.3900293     3     4     0
P(X >=2)  36   0 0.000000000 0.00000000 0.00000000 0.0000000000 0.0000000     0     0     0
P(X >=3)  36   0 0.000000000 0.00000000 0.00000000 0.0000000000 0.0000000     0     0     0
P(X >=4)  36   0 0.000000000 0.00000000 0.00000000 0.0000000000 0.0000000     0     0     0
Total    144   1 0.006944444 0.03350122 0.03350122 0.0002326474 0.3900293     0     0     0

$results[[12]][[4]]
[1] "Minsize = 112 Minvi = 0.03"


$results[[13]]
$results[[13]][[1]]
[1] "a69i"

$results[[13]][[2]]
      Group Lo Score Hi Score   N F 0 F 1 F 2 F 3 F 4     Mean  P(X >=1)  P(X >=2)  P(X >=3)
 [1,]     1        9       48 120  53  45  16   5   1 0.800000 0.5583333 0.1833333 0.0500000
 [2,]     2       49       60 116  18  41  43  14   0 1.456897 0.8448276 0.4913793 0.1206897
 [3,]     3       61       69 113  10  27  55  18   3 1.796460 0.9115044 0.6725664 0.1858407
 [4,]     4       70       78 119   8  29  47  25  10 2.000000 0.9327731 0.6890756 0.2941176
 [5,]     5       79       87 115   3  13  47  36  16 2.426087 0.9739130 0.8608696 0.4521739
 [6,]     6       88       97 115   4  12  26  48  25 2.678261 0.9652174 0.8608696 0.6347826
 [7,]     7       98      107 123   1   4  37  45  36 2.902439 0.9918699 0.9593496 0.6585366
 [8,]     8      108      117 120   0   4  22  34  60 3.250000 1.0000000 0.9666667 0.7833333
 [9,]     9      118      144 183   1   3  11  36 132 3.612022 0.9945355 0.9781421 0.9180328
         P(X >=4)
 [1,] 0.008333333
 [2,] 0.000000000
 [3,] 0.026548673
 [4,] 0.084033613
 [5,] 0.139130435
 [6,] 0.217391304
 [7,] 0.292682927
 [8,] 0.500000000
 [9,] 0.721311475

$results[[13]][[3]]
         #ac #vi #vi/#ac maxvi sum sum/#ac zmax group group #zsig
P(X >=1)  29   0       0     0   0       0    0     0     0     0
P(X >=2)  36   0       0     0   0       0    0     0     0     0
P(X >=3)  36   0       0     0   0       0    0     0     0     0
P(X >=4)  29   0       0     0   0       0    0     0     0     0
Total    130   0       0     0   0       0    0     0     0     0

$results[[13]][[4]]
[1] "Minsize = 112 Minvi = 0.03"


$results[[14]]
$results[[14]][[1]]
[1] "r50i"

$results[[14]][[2]]
      Group Lo Score Hi Score   N F 0 F 1 F 2 F 3 F 4      Mean  P(X >=1)  P(X >=2)   P(X >=3)
 [1,]     1        9       48 123  61  32  19   7   4 0.8699187 0.5040650 0.2439024 0.08943089
 [2,]     2       49       61 130  31  47  30  14   8 1.3923077 0.7615385 0.4000000 0.16923077
 [3,]     3       62       71 125  19  38  32  19  17 1.8160000 0.8480000 0.5440000 0.28800000
 [4,]     4       72       81 122   8  28  46  26  14 2.0819672 0.9344262 0.7049180 0.32786885
 [5,]     5       82       90 118  11  19  32  41  15 2.2542373 0.9067797 0.7457627 0.47457627
 [6,]     6       91      100 119   8   7  29  43  32 2.7058824 0.9327731 0.8739496 0.63025210
 [7,]     7      101      110 119   3   6  27  38  45 2.9747899 0.9747899 0.9243697 0.69747899
 [8,]     8      111      120 112   4   3  20  45  40 3.0178571 0.9642857 0.9375000 0.75892857
 [9,]     9      121      144 156   1   4  12  35 104 3.5192308 0.9935897 0.9679487 0.89102564
        P(X >=4)
 [1,] 0.03252033
 [2,] 0.06153846
 [3,] 0.13600000
 [4,] 0.11475410
 [5,] 0.12711864
 [6,] 0.26890756
 [7,] 0.37815126
 [8,] 0.35714286
 [9,] 0.66666667

$results[[14]][[3]]
         #ac #vi #vi/#ac maxvi sum sum/#ac zmax group group #zsig
P(X >=1)  36   0       0     0   0       0    0     0     0     0
P(X >=2)  36   0       0     0   0       0    0     0     0     0
P(X >=3)  36   0       0     0   0       0    0     0     0     0
P(X >=4)  36   0       0     0   0       0    0     0     0     0
Total    144   0       0     0   0       0    0     0     0     0

$results[[14]][[4]]
[1] "Minsize = 112 Minvi = 0.03"


$results[[15]]
$results[[15]][[1]]
[1] "r52i"

$results[[15]][[2]]
      Group Lo Score Hi Score   N F 0 F 1 F 2 F 3 F 4     Mean  P(X >=1)  P(X >=2)   P(X >=3)
 [1,]     1        9       48 117  42  44  21   7   3 1.017094 0.6410256 0.2649573 0.08547009
 [2,]     2       49       59 116  19  36  33  23   5 1.646552 0.8362069 0.5258621 0.24137931
 [3,]     3       60       68 113  11  38  34  21   9 1.814159 0.9026549 0.5663717 0.26548673
 [4,]     4       69       78 120   4  26  43  33  14 2.225000 0.9666667 0.7500000 0.39166667
 [5,]     5       79       87 116   4  17  37  35  23 2.482759 0.9655172 0.8189655 0.50000000
 [6,]     6       88       97 123   4  12  31  46  30 2.699187 0.9674797 0.8699187 0.61788618
 [7,]     7       98      107 119   0   2  25  49  43 3.117647 1.0000000 0.9831933 0.77310924
 [8,]     8      108      117 115   2   2  14  36  61 3.321739 0.9826087 0.9652174 0.84347826
 [9,]     9      118      144 185   1   2  10  38 134 3.632432 0.9945946 0.9837838 0.92972973
        P(X >=4)
 [1,] 0.02564103
 [2,] 0.04310345
 [3,] 0.07964602
 [4,] 0.11666667
 [5,] 0.19827586
 [6,] 0.24390244
 [7,] 0.36134454
 [8,] 0.53043478
 [9,] 0.72432432

$results[[15]][[3]]
         #ac #vi #vi/#ac maxvi sum sum/#ac zmax group group #zsig
P(X >=1)  30   0       0     0   0       0    0     0     0     0
P(X >=2)  36   0       0     0   0       0    0     0     0     0
P(X >=3)  36   0       0     0   0       0    0     0     0     0
P(X >=4)  36   0       0     0   0       0    0     0     0     0
Total    138   0       0     0   0       0    0     0     0     0

$results[[15]][[4]]
[1] "Minsize = 112 Minvi = 0.03"


$results[[16]]
$results[[16]][[1]]
[1] "e86a"

$results[[16]][[2]]
      Group Lo Score Hi Score   N F 0 F 1 F 2 F 3 F 4     Mean  P(X >=1)  P(X >=2)  P(X >=3)
 [1,]     1        9       46 113  22  26  21  24  20 1.946903 0.8053097 0.5752212 0.3893805
 [2,]     2       47       59 127   3  17  41  32  34 2.606299 0.9763780 0.8425197 0.5196850
 [3,]     3       60       68 119   6  12  32  28  41 2.722689 0.9495798 0.8487395 0.5798319
 [4,]     4       69       78 120   3   7  12  40  58 3.191667 0.9750000 0.9166667 0.8166667
 [5,]     5       79       87 115   1   5  13  32  64 3.330435 0.9913043 0.9478261 0.8347826
 [6,]     6       88       97 118   2   2  11  30  73 3.440678 0.9830508 0.9661017 0.8728814
 [7,]     7       98      107 116   0   0   4  23  89 3.732759 1.0000000 1.0000000 0.9655172
 [8,]     8      108      117 120   0   0   2  17 101 3.825000 1.0000000 1.0000000 0.9833333
 [9,]     9      118      144 176   0   1   2   9 164 3.909091 1.0000000 0.9943182 0.9829545
       P(X >=4)
 [1,] 0.1769912
 [2,] 0.2677165
 [3,] 0.3445378
 [4,] 0.4833333
 [5,] 0.5565217
 [6,] 0.6186441
 [7,] 0.7672414
 [8,] 0.8416667
 [9,] 0.9318182

$results[[16]][[3]]
         #ac #vi #vi/#ac maxvi sum sum/#ac zmax group group #zsig
P(X >=1)  15   0       0     0   0       0    0     0     0     0
P(X >=2)  23   0       0     0   0       0    0     0     0     0
P(X >=3)  36   0       0     0   0       0    0     0     0     0
P(X >=4)  36   0       0     0   0       0    0     0     0     0
Total    110   0       0     0   0       0    0     0     0     0

$results[[16]][[4]]
[1] "Minsize = 112 Minvi = 0.03"


$results[[17]]
$results[[17]][[1]]
[1] "a28i"

$results[[17]][[2]]
      Group Lo Score Hi Score   N F 0 F 1 F 2 F 3 F 4     Mean  P(X >=1)  P(X >=2)   P(X >=3)
 [1,]     1        7       48 118  47  39  25   6   1 0.940678 0.6016949 0.2711864 0.05932203
 [2,]     2       49       60 115  28  31  33  19   4 1.478261 0.7565217 0.4869565 0.20000000
 [3,]     3       61       69 122  15  37  38  27   5 1.754098 0.8770492 0.5737705 0.26229508
 [4,]     4       70       78 116   7  18  39  41  11 2.267241 0.9396552 0.7844828 0.44827586
 [5,]     5       79       87 112   5  14  38  39  16 2.419643 0.9553571 0.8303571 0.49107143
 [6,]     6       88       97 116   3  11  25  49  28 2.758621 0.9741379 0.8793103 0.66379310
 [7,]     7       98      106 115   0   4  22  51  38 3.069565 1.0000000 0.9652174 0.77391304
 [8,]     8      107      116 119   1   3  14  37  64 3.344538 0.9915966 0.9663866 0.84873950
 [9,]     9      117      144 191   0   1   9  25 156 3.759162 1.0000000 0.9947644 0.94764398
         P(X >=4)
 [1,] 0.008474576
 [2,] 0.034782609
 [3,] 0.040983607
 [4,] 0.094827586
 [5,] 0.142857143
 [6,] 0.241379310
 [7,] 0.330434783
 [8,] 0.537815126
 [9,] 0.816753927

$results[[17]][[3]]
         #ac #vi #vi/#ac maxvi sum sum/#ac zmax group group #zsig
P(X >=1)  22   0       0     0   0       0    0     0     0     0
P(X >=2)  36   0       0     0   0       0    0     0     0     0
P(X >=3)  36   0       0     0   0       0    0     0     0     0
P(X >=4)  36   0       0     0   0       0    0     0     0     0
Total    130   0       0     0   0       0    0     0     0     0

$results[[17]][[4]]
[1] "Minsize = 112 Minvi = 0.03"


$results[[18]]
$results[[18]][[1]]
[1] "a131"

$results[[18]][[2]]
      Group Lo Score Hi Score   N F 0 F 1 F 2 F 3 F 4      Mean  P(X >=1)  P(X >=2)  P(X >=3)
 [1,]     1        9       48 118  69  19  12  11   7 0.8813559 0.4152542 0.2542373 0.1525424
 [2,]     2       49       60 113  49  29  20  12   3 1.0353982 0.5663717 0.3097345 0.1327434
 [3,]     3       61       69 120  41  27  23  24   5 1.3750000 0.6583333 0.4333333 0.2416667
 [4,]     4       70       79 123  42  25  26  19  11 1.4471545 0.6585366 0.4552846 0.2439024
 [5,]     5       80       88 116  34  28  28  20   6 1.4482759 0.7068966 0.4655172 0.2241379
 [6,]     6       89       99 120  19  36  24  29  12 1.8250000 0.8416667 0.5416667 0.3416667
 [7,]     7      100      108 114  21  15  20  44  14 2.1315789 0.8157895 0.6842105 0.5087719
 [8,]     8      109      118 119  12  22  20  37  28 2.3949580 0.8991597 0.7142857 0.5462185
 [9,]     9      119      144 181  19  17  41  58  46 2.5248619 0.8950276 0.8011050 0.5745856
        P(X >=4)
 [1,] 0.05932203
 [2,] 0.02654867
 [3,] 0.04166667
 [4,] 0.08943089
 [5,] 0.05172414
 [6,] 0.10000000
 [7,] 0.12280702
 [8,] 0.23529412
 [9,] 0.25414365

$results[[18]][[3]]
         #ac #vi    #vi/#ac      maxvi        sum      sum/#ac      zmax group group #zsig
P(X >=1)  36   0 0.00000000 0.00000000 0.00000000 0.0000000000 0.0000000     0     0     0
P(X >=2)  36   0 0.00000000 0.00000000 0.00000000 0.0000000000 0.0000000     0     0     0
P(X >=3)  36   0 0.00000000 0.00000000 0.00000000 0.0000000000 0.0000000     0     0     0
P(X >=4)  36   2 0.05555556 0.03770676 0.07048012 0.0019577810 0.8681223     1     2     0
Total    144   2 0.01388889 0.03770676 0.07048012 0.0004894453 0.8681223     0     0     0

$results[[18]][[4]]
[1] "Minsize = 112 Minvi = 0.03"


$results[[19]]
$results[[19]][[1]]
[1] "e100a"

$results[[19]][[2]]
      Group Lo Score Hi Score   N F 0 F 1 F 2 F 3 F 4      Mean  P(X >=1)  P(X >=2)   P(X >=3)
 [1,]     1        9       47 113  53  36  21   2   1 0.7787611 0.5309735 0.2123894 0.02654867
 [2,]     2       48       60 121  12  58  36  11   4 1.4793388 0.9008264 0.4214876 0.12396694
 [3,]     3       61       69 121  11  49  42  14   5 1.6115702 0.9090909 0.5041322 0.15702479
 [4,]     4       70       78 114   5  21  53  28   7 2.0964912 0.9561404 0.7719298 0.30701754
 [5,]     5       79       87 116   2  12  46  41  15 2.4741379 0.9827586 0.8793103 0.48275862
 [6,]     6       88       97 119   2  16  22  55  24 2.6974790 0.9831933 0.8487395 0.66386555
 [7,]     7       98      107 122   0   2  20  48  52 3.2295082 1.0000000 0.9836066 0.81967213
 [8,]     8      108      117 118   0   0  10  41  67 3.4830508 1.0000000 1.0000000 0.91525424
 [9,]     9      118      144 180   0   0   2  18 160 3.8777778 1.0000000 1.0000000 0.98888889
         P(X >=4)
 [1,] 0.008849558
 [2,] 0.033057851
 [3,] 0.041322314
 [4,] 0.061403509
 [5,] 0.129310345
 [6,] 0.201680672
 [7,] 0.426229508
 [8,] 0.567796610
 [9,] 0.888888889

$results[[19]][[3]]
         #ac #vi     #vi/#ac      maxvi        sum      sum/#ac      zmax group group #zsig
P(X >=1)  15   0 0.000000000 0.00000000 0.00000000 0.0000000000 0.0000000     0     0     0
P(X >=2)  21   1 0.047619048 0.03057085 0.03057085 0.0014557547 0.4881143     5     6     0
P(X >=3)  36   0 0.000000000 0.00000000 0.00000000 0.0000000000 0.0000000     0     0     0
P(X >=4)  36   0 0.000000000 0.00000000 0.00000000 0.0000000000 0.0000000     0     0     0
Total    108   1 0.009259259 0.03057085 0.03057085 0.0002830634 0.4881143     0     0     0

$results[[19]][[4]]
[1] "Minsize = 112 Minvi = 0.03"


$results[[20]]
$results[[20]][[1]]
[1] "a11i"

$results[[20]][[2]]
      Group Lo Score Hi Score   N F 0 F 1 F 2 F 3 F 4     Mean  P(X >=1)  P(X >=2)   P(X >=3)
 [1,]     1        9       47 115  42  36  27   8   2 1.060870 0.6347826 0.3217391 0.08695652
 [2,]     2       48       60 122  21  27  39  23  12 1.819672 0.8278689 0.6065574 0.28688525
 [3,]     3       61       69 119  12  26  34  28  19 2.134454 0.8991597 0.6806723 0.39495798
 [4,]     4       70       78 117   5  18  38  37  19 2.401709 0.9572650 0.8034188 0.47863248
 [5,]     5       79       87 113   5  13  31  40  24 2.575221 0.9557522 0.8407080 0.56637168
 [6,]     6       88       97 114   3   9  24  48  30 2.815789 0.9736842 0.8947368 0.68421053
 [7,]     7       98      106 114   6   7  16  41  44 2.964912 0.9473684 0.8859649 0.74561404
 [8,]     8      107      116 120   2   7  13  26  72 3.325000 0.9833333 0.9250000 0.81666667
 [9,]     9      117      144 190   1   3  10  23 153 3.705263 0.9947368 0.9789474 0.92631579
        P(X >=4)
 [1,] 0.01739130
 [2,] 0.09836066
 [3,] 0.15966387
 [4,] 0.16239316
 [5,] 0.21238938
 [6,] 0.26315789
 [7,] 0.38596491
 [8,] 0.60000000
 [9,] 0.80526316

$results[[20]][[3]]
         #ac #vi #vi/#ac maxvi sum sum/#ac zmax group group #zsig
P(X >=1)  36   0       0     0   0       0    0     0     0     0
P(X >=2)  36   0       0     0   0       0    0     0     0     0
P(X >=3)  36   0       0     0   0       0    0     0     0     0
P(X >=4)  36   0       0     0   0       0    0     0     0     0
Total    144   0       0     0   0       0    0     0     0     0

$results[[20]][[4]]
[1] "Minsize = 112 Minvi = 0.03"


$results[[21]]
$results[[21]][[1]]
[1] "e91f"

$results[[21]][[2]]
      Group Lo Score Hi Score   N F 0 F 1 F 2 F 3 F 4      Mean  P(X >=1)  P(X >=2)   P(X >=3)
 [1,]     1        9       48 112  80  20   9   2   1 0.4285714 0.2857143 0.1071429 0.02678571
 [2,]     2       49       60 113  49  36  18   3   7 0.9646018 0.5663717 0.2477876 0.08849558
 [3,]     3       61       68 113  43  37  21   9   3 1.0442478 0.6194690 0.2920354 0.10619469
 [4,]     4       69       78 115  34  37  22  11  11 1.3739130 0.7043478 0.3826087 0.19130435
 [5,]     5       79       87 120  46  32  19  11  12 1.2583333 0.6166667 0.3500000 0.19166667
 [6,]     6       88       97 116  35  27  29  15  10 1.4655172 0.6982759 0.4655172 0.21551724
 [7,]     7       98      107 122  17  25  37  24  19 2.0245902 0.8606557 0.6557377 0.35245902
 [8,]     8      108      117 115  19  22  29  24  21 2.0521739 0.8347826 0.6434783 0.39130435
 [9,]     9      118      144 198  14  25  45  33  81 2.7171717 0.9292929 0.8030303 0.57575758
         P(X >=4)
 [1,] 0.008928571
 [2,] 0.061946903
 [3,] 0.026548673
 [4,] 0.095652174
 [5,] 0.100000000
 [6,] 0.086206897
 [7,] 0.155737705
 [8,] 0.182608696
 [9,] 0.409090909

$results[[21]][[3]]
         #ac #vi    #vi/#ac      maxvi        sum      sum/#ac      zmax group group #zsig
P(X >=1)  36   1 0.02777778 0.08768116 0.08768116 0.0024355878 1.2821048     4     5     0
P(X >=2)  36   1 0.02777778 0.03260870 0.03260870 0.0009057971 0.3845920     4     5     0
P(X >=3)  36   0 0.00000000 0.00000000 0.00000000 0.0000000000 0.0000000     0     0     0
P(X >=4)  36   1 0.02777778 0.03539823 0.03539823 0.0009832842 0.9414284     2     3     0
Total    144   3 0.02083333 0.08768116 0.15568809 0.0010811673 1.2821048     0     0     0

$results[[21]][[4]]
[1] "Minsize = 112 Minvi = 0.03"


$results[[22]]
$results[[22]][[1]]
[1] "a26ee"

$results[[22]][[2]]
      Group Lo Score Hi Score   N F 0 F 1 F 2 F 3 F 4      Mean  P(X >=1)  P(X >=2)   P(X >=3)
 [1,]     1        9       48 117  49  39  21   7   1 0.9059829 0.5811966 0.2478632 0.06837607
 [2,]     2       49       60 116  22  41  33  17   3 1.4655172 0.8103448 0.4568966 0.17241379
 [3,]     3       61       69 118  21  37  41  12   7 1.5508475 0.8220339 0.5084746 0.16101695
 [4,]     4       70       79 129   6  36  52  20  15 2.0155039 0.9534884 0.6744186 0.27131783
 [5,]     5       80       88 119  10  24  43  32  10 2.0672269 0.9159664 0.7142857 0.35294118
 [6,]     6       89       98 116   8  13  32  46  17 2.4396552 0.9310345 0.8189655 0.54310345
 [7,]     7       99      108 122   3   9  24  43  43 2.9344262 0.9754098 0.9016393 0.70491803
 [8,]     8      109      118 117   1   4  23  31  58 3.2051282 0.9914530 0.9572650 0.76068376
 [9,]     9      119      144 170   1   0   5  28 136 3.7529412 0.9941176 0.9941176 0.96470588
         P(X >=4)
 [1,] 0.008547009
 [2,] 0.025862069
 [3,] 0.059322034
 [4,] 0.116279070
 [5,] 0.084033613
 [6,] 0.146551724
 [7,] 0.352459016
 [8,] 0.495726496
 [9,] 0.800000000

$results[[22]][[3]]
         #ac #vi    #vi/#ac      maxvi        sum      sum/#ac      zmax group group #zsig
P(X >=1)  36   1 0.02777778 0.03752199 0.03752199 0.0010422774 0.9318367     4     5     0
P(X >=2)  36   0 0.00000000 0.00000000 0.00000000 0.0000000000 0.0000000     0     0     0
P(X >=3)  36   0 0.00000000 0.00000000 0.00000000 0.0000000000 0.0000000     0     0     0
P(X >=4)  36   1 0.02777778 0.03224546 0.03224546 0.0008957071 0.6195244     4     5     0
Total    144   2 0.01388889 0.03752199 0.06976744 0.0004844961 0.9318367     0     0     0

$results[[22]][[4]]
[1] "Minsize = 112 Minvi = 0.03"


$results[[23]]
$results[[23]][[1]]
[1] "e88a"

$results[[23]][[2]]
      Group Lo Score Hi Score   N F 0 F 1 F 2 F 3 F 4     Mean  P(X >=1)  P(X >=2)  P(X >=3)
 [1,]     1        9       46 115  28  29  24  20  14 1.678261 0.7565217 0.5043478 0.2956522
 [2,]     2       47       59 113   5  28  29  30  21 2.300885 0.9557522 0.7079646 0.4513274
 [3,]     3       60       68 126  10  24  31  34  27 2.349206 0.9206349 0.7301587 0.4841270
 [4,]     4       69       77 114   2  14  20  33  45 2.921053 0.9824561 0.8596491 0.6842105
 [5,]     5       78       86 117   0   5  17  40  55 3.239316 1.0000000 0.9572650 0.8119658
 [6,]     6       87       97 122   0   4   9  52  57 3.327869 1.0000000 0.9672131 0.8934426
 [7,]     7       98      107 121   0   1   7  33  80 3.586777 1.0000000 0.9917355 0.9338843
 [8,]     8      108      117 119   0   0   5  21  93 3.739496 1.0000000 1.0000000 0.9579832
 [9,]     9      118      144 177   0   0   2   9 166 3.926554 1.0000000 1.0000000 0.9887006
       P(X >=4)
 [1,] 0.1217391
 [2,] 0.1858407
 [3,] 0.2142857
 [4,] 0.3947368
 [5,] 0.4700855
 [6,] 0.4672131
 [7,] 0.6611570
 [8,] 0.7815126
 [9,] 0.9378531

$results[[23]][[3]]
         #ac #vi    #vi/#ac      maxvi        sum      sum/#ac      zmax group group #zsig
P(X >=1)   6   1 0.16666667 0.03511729 0.03511729 0.0058528820 0.8255614     2     3     0
P(X >=2)  21   0 0.00000000 0.00000000 0.00000000 0.0000000000 0.0000000     0     0     0
P(X >=3)  36   0 0.00000000 0.00000000 0.00000000 0.0000000000 0.0000000     0     0     0
P(X >=4)  36   0 0.00000000 0.00000000 0.00000000 0.0000000000 0.0000000     0     0     0
Total     99   1 0.01010101 0.03511729 0.03511729 0.0003547201 0.8255614     0     0     0

$results[[23]][[4]]
[1] "Minsize = 112 Minvi = 0.03"


$results[[24]]
$results[[24]][[1]]
[1] "r66i"

$results[[24]][[2]]
      Group Lo Score Hi Score   N F 0 F 1 F 2 F 3 F 4      Mean  P(X >=1)  P(X >=2)   P(X >=3)
 [1,]     1        9       48 116  62  37  16   1   0 0.6206897 0.4655172 0.1465517 0.00862069
 [2,]     2       49       60 112  21  54  29   3   5 1.2589286 0.8125000 0.3303571 0.07142857
 [3,]     3       61       68 112  19  37  44   9   3 1.4642857 0.8303571 0.5000000 0.10714286
 [4,]     4       69       78 125  15  44  47  17   2 1.5760000 0.8800000 0.5280000 0.15200000
 [5,]     5       79       87 119   6  21  50  34   8 2.1428571 0.9495798 0.7731092 0.35294118
 [6,]     6       88       97 114   4  17  34  46  13 2.4122807 0.9649123 0.8157895 0.51754386
 [7,]     7       98      106 113   0   7  32  44  30 2.8584071 1.0000000 0.9380531 0.65486726
 [8,]     8      107      116 118   0   9  22  45  42 3.0169492 1.0000000 0.9237288 0.73728814
 [9,]     9      117      144 195   0   2   9  35 149 3.6974359 1.0000000 0.9897436 0.94358974
        P(X >=4)
 [1,] 0.00000000
 [2,] 0.04464286
 [3,] 0.02678571
 [4,] 0.01600000
 [5,] 0.06722689
 [6,] 0.11403509
 [7,] 0.26548673
 [8,] 0.35593220
 [9,] 0.76410256

$results[[24]][[3]]
         #ac #vi #vi/#ac maxvi sum sum/#ac zmax group group #zsig
P(X >=1)  15   0       0     0   0       0    0     0     0     0
P(X >=2)  36   0       0     0   0       0    0     0     0     0
P(X >=3)  36   0       0     0   0       0    0     0     0     0
P(X >=4)  28   0       0     0   0       0    0     0     0     0
Total    115   0       0     0   0       0    0     0     0     0

$results[[24]][[4]]
[1] "Minsize = 112 Minvi = 0.03"


$results[[25]]
$results[[25]][[1]]
[1] "a2i"

$results[[25]][[2]]
      Group Lo Score Hi Score   N F 0 F 1 F 2 F 3 F 4     Mean  P(X >=1)  P(X >=2)  P(X >=3)
 [1,]     1        9       47 121  23  31  31  22  14 1.776860 0.8099174 0.5537190 0.2975207
 [2,]     2       48       60 126  10  21  36  33  26 2.349206 0.9206349 0.7539683 0.4682540
 [3,]     3       61       70 126   8  20  29  39  30 2.500000 0.9365079 0.7777778 0.5476190
 [4,]     4       71       79 121   4  10  21  36  50 2.975207 0.9669421 0.8842975 0.7107438
 [5,]     5       80       88 116   2   7  16  41  50 3.120690 0.9827586 0.9224138 0.7844828
 [6,]     6       89       99 117   0   2   9  39  67 3.461538 1.0000000 0.9829060 0.9059829
 [7,]     7      100      109 129   2   5  12  33  77 3.379845 0.9844961 0.9457364 0.8527132
 [8,]     8      110      119 112   0   2   8  15  87 3.669643 1.0000000 0.9821429 0.9107143
 [9,]     9      120      144 156   3   1   5   9 138 3.782051 0.9807692 0.9743590 0.9423077
       P(X >=4)
 [1,] 0.1157025
 [2,] 0.2063492
 [3,] 0.2380952
 [4,] 0.4132231
 [5,] 0.4310345
 [6,] 0.5726496
 [7,] 0.5968992
 [8,] 0.7767857
 [9,] 0.8846154

$results[[25]][[3]]
         #ac #vi    #vi/#ac      maxvi        sum     sum/#ac     zmax group group #zsig
P(X >=1)  24   0 0.00000000 0.00000000 0.00000000 0.000000000 0.000000     0     0     0
P(X >=2)  36   1 0.02777778 0.03716955 0.03716955 0.001032487 1.170824     6     7     0
P(X >=3)  36   1 0.02777778 0.05326973 0.05326973 0.001479715 1.070890     6     7     0
P(X >=4)  36   0 0.00000000 0.00000000 0.00000000 0.000000000 0.000000     0     0     0
Total    132   2 0.01515152 0.05326973 0.09043928 0.000685146 1.170824     0     0     0

$results[[25]][[4]]
[1] "Minsize = 112 Minvi = 0.03"


$results[[26]]
$results[[26]][[1]]
[1] "e80a"

$results[[26]][[2]]
      Group Lo Score Hi Score   N F 0 F 1 F 2 F 3 F 4      Mean  P(X >=1)  P(X >=2)  P(X >=3)
 [1,]     1        9       47 112  53  26  21   5   7 0.9910714 0.5267857 0.2946429 0.1071429
 [2,]     2       48       60 129  24  34  38  25   8 1.6821705 0.8139535 0.5503876 0.2558140
 [3,]     3       61       69 112  11  20  48  22  11 2.0178571 0.9017857 0.7232143 0.2946429
 [4,]     4       70       78 117   6  19  36  35  21 2.3931624 0.9487179 0.7863248 0.4786325
 [5,]     5       79       87 119   6   9  27  39  38 2.7899160 0.9495798 0.8739496 0.6470588
 [6,]     6       88       97 114   5   7  28  35  39 2.8421053 0.9561404 0.8947368 0.6491228
 [7,]     7       98      106 113   2   0  18  38  55 3.2743363 0.9823009 0.9823009 0.8230088
 [8,]     8      107      116 114   0   2  12  24  76 3.5263158 1.0000000 0.9824561 0.8771930
 [9,]     9      117      144 194   0   1   4  19 170 3.8453608 1.0000000 0.9948454 0.9742268
        P(X >=4)
 [1,] 0.06250000
 [2,] 0.06201550
 [3,] 0.09821429
 [4,] 0.17948718
 [5,] 0.31932773
 [6,] 0.34210526
 [7,] 0.48672566
 [8,] 0.66666667
 [9,] 0.87628866

$results[[26]][[3]]
         #ac #vi #vi/#ac maxvi sum sum/#ac zmax group group #zsig
P(X >=1)  21   0       0     0   0       0    0     0     0     0
P(X >=2)  36   0       0     0   0       0    0     0     0     0
P(X >=3)  36   0       0     0   0       0    0     0     0     0
P(X >=4)  36   0       0     0   0       0    0     0     0     0
Total    129   0       0     0   0       0    0     0     0     0

$results[[26]][[4]]
[1] "Minsize = 112 Minvi = 0.03"


$results[[27]]
$results[[27]][[1]]
[1] "e93s"

$results[[27]][[2]]
      Group Lo Score Hi Score   N F 0 F 1 F 2 F 3 F 4      Mean  P(X >=1)   P(X >=2)   P(X >=3)
 [1,]     1        9       48 114 101   9   1   0   3 0.2017544 0.1140351 0.03508772 0.02631579
 [2,]     2       49       61 125  84  14  17   5   5 0.6640000 0.3280000 0.21600000 0.08000000
 [3,]     3       62       70 115  58  19  21  11   6 1.0260870 0.4956522 0.33043478 0.14782609
 [4,]     4       71       79 112  63  23  10   8   8 0.8839286 0.4375000 0.23214286 0.14285714
 [5,]     5       80       88 116  55  21  12  14  14 1.2327586 0.5258621 0.34482759 0.24137931
 [6,]     6       89       98 113  42  25  16  15  15 1.4336283 0.6283186 0.40707965 0.26548673
 [7,]     7       99      107 119  34  12  20  24  29 2.0168067 0.7142857 0.61344538 0.44537815
 [8,]     8      108      117 122  23  15  18  19  47 2.4262295 0.8114754 0.68852459 0.54098361
 [9,]     9      118      144 188  13   5  26  17 127 3.2765957 0.9308511 0.90425532 0.76595745
        P(X >=4)
 [1,] 0.02631579
 [2,] 0.04000000
 [3,] 0.05217391
 [4,] 0.07142857
 [5,] 0.12068966
 [6,] 0.13274336
 [7,] 0.24369748
 [8,] 0.38524590
 [9,] 0.67553191

$results[[27]][[3]]
         #ac #vi    #vi/#ac      maxvi        sum     sum/#ac      zmax group group #zsig
P(X >=1)  36   1 0.02777778 0.05815217 0.05815217 0.001615338 0.7464831     3     4     0
P(X >=2)  36   1 0.02777778 0.09829193 0.09829193 0.002730331 1.5000367     3     4     0
P(X >=3)  36   0 0.00000000 0.00000000 0.00000000 0.000000000 0.0000000     0     0     0
P(X >=4)  36   0 0.00000000 0.00000000 0.00000000 0.000000000 0.0000000     0     0     0
Total    144   2 0.01388889 0.09829193 0.15644410 0.001086417 1.5000367     0     0     0

$results[[27]][[4]]
[1] "Minsize = 112 Minvi = 0.03"


$results[[28]]
$results[[28]][[1]]
[1] "e77m"

$results[[28]][[2]]
      Group Lo Score Hi Score   N F 0 F 1 F 2 F 3 F 4      Mean  P(X >=1)   P(X >=2)   P(X >=3)
 [1,]     1        9       48 118  78  29   6   4   1 0.4830508 0.3389831 0.09322034 0.04237288
 [2,]     2       49       60 113  39  47  16   8   3 1.0176991 0.6548673 0.23893805 0.09734513
 [3,]     3       61       69 118  33  41  27  11   6 1.2881356 0.7203390 0.37288136 0.14406780
 [4,]     4       70       79 128  27  40  33  13  15 1.6015625 0.7890625 0.47656250 0.21875000
 [5,]     5       80       88 116  13  26  37  26  14 2.0172414 0.8879310 0.66379310 0.34482759
 [6,]     6       89       98 116  15  30  24  31  16 2.0258621 0.8706897 0.61206897 0.40517241
 [7,]     7       99      108 119   8  23  33  31  24 2.3361345 0.9327731 0.73949580 0.46218487
 [8,]     8      109      118 122   7   9  26  33  47 2.8524590 0.9426230 0.86885246 0.65573770
 [9,]     9      119      144 174   5   6  20  29 114 3.3850575 0.9712644 0.93678161 0.82183908
         P(X >=4)
 [1,] 0.008474576
 [2,] 0.026548673
 [3,] 0.050847458
 [4,] 0.117187500
 [5,] 0.120689655
 [6,] 0.137931034
 [7,] 0.201680672
 [8,] 0.385245902
 [9,] 0.655172414

$results[[28]][[3]]
         #ac #vi     #vi/#ac      maxvi        sum      sum/#ac      zmax group group #zsig
P(X >=1)  36   0 0.000000000 0.00000000 0.00000000 0.0000000000 0.0000000     0     0     0
P(X >=2)  36   1 0.027777778 0.05172414 0.05172414 0.0014367816 0.6840881     5     6     0
P(X >=3)  36   0 0.000000000 0.00000000 0.00000000 0.0000000000 0.0000000     0     0     0
P(X >=4)  36   0 0.000000000 0.00000000 0.00000000 0.0000000000 0.0000000     0     0     0
Total    144   1 0.006944444 0.05172414 0.05172414 0.0003591954 0.6840881     0     0     0

$results[[28]][[4]]
[1] "Minsize = 112 Minvi = 0.03"


$results[[29]]
$results[[29]][[1]]
[1] "r62i"

$results[[29]][[2]]
      Group Lo Score Hi Score   N F 0 F 1 F 2 F 3 F 4      Mean  P(X >=1)  P(X >=2)   P(X >=3)
 [1,]     1        9       48 120  62  41  13   1   3 0.6833333 0.4833333 0.1416667 0.03333333
 [2,]     2       49       60 113  19  48  32  12   2 1.3805310 0.8318584 0.4070796 0.12389381
 [3,]     3       61       69 113  19  38  41  11   4 1.4955752 0.8318584 0.4955752 0.13274336
 [4,]     4       70       78 115  15  34  54  12   0 1.5478261 0.8695652 0.5739130 0.10434783
 [5,]     5       79       86 115   6  19  45  35  10 2.2086957 0.9478261 0.7826087 0.39130435
 [6,]     6       87       97 126   1  13  42  52  18 2.5793651 0.9920635 0.8888889 0.55555556
 [7,]     7       98      107 120   1   5  35  52  27 2.8250000 0.9916667 0.9500000 0.65833333
 [8,]     8      108      117 120   1   4  19  44  52 3.1833333 0.9916667 0.9583333 0.80000000
 [9,]     9      118      144 182   0   0   5  31 146 3.7747253 1.0000000 1.0000000 0.97252747
        P(X >=4)
 [1,] 0.02500000
 [2,] 0.01769912
 [3,] 0.03539823
 [4,] 0.00000000
 [5,] 0.08695652
 [6,] 0.14285714
 [7,] 0.22500000
 [8,] 0.43333333
 [9,] 0.80219780

$results[[29]][[3]]
         #ac #vi     #vi/#ac      maxvi        sum      sum/#ac     zmax group group #zsig
P(X >=1)  28   0 0.000000000 0.00000000 0.00000000 0.0000000000 0.000000     0     0     0
P(X >=2)  28   0 0.000000000 0.00000000 0.00000000 0.0000000000 0.000000     0     0     0
P(X >=3)  36   0 0.000000000 0.00000000 0.00000000 0.0000000000 0.000000     0     0     0
P(X >=4)  31   1 0.032258065 0.03539823 0.03539823 0.0011418784 1.454818     3     4     0
Total    123   1 0.008130081 0.03539823 0.03539823 0.0002877905 1.454818     0     0     0

$results[[29]][[4]]
[1] "Minsize = 112 Minvi = 0.03"


$results[[30]]
$results[[30]][[1]]
[1] "e82m"

$results[[30]][[2]]
      Group Lo Score Hi Score   N F 0 F 1 F 2 F 3 F 4      Mean  P(X >=1)  P(X >=2)   P(X >=3)
 [1,]     1        7       48 116  44  47  17   7   1 0.9137931 0.6206897 0.2155172 0.06896552
 [2,]     2       49       60 119  15  48  34  19   3 1.5546218 0.8739496 0.4705882 0.18487395
 [3,]     3       61       68 112  14  30  34  26   8 1.8571429 0.8750000 0.6071429 0.30357143
 [4,]     4       69       78 119   7  27  40  25  20 2.2016807 0.9411765 0.7142857 0.37815126
 [5,]     5       79       87 119   4  21  42  35  17 2.3361345 0.9663866 0.7899160 0.43697479
 [6,]     6       88       97 113   3  16  36  33  25 2.5398230 0.9734513 0.8318584 0.51327434
 [7,]     7       98      106 112   1  10  29  38  34 2.8392857 0.9910714 0.9017857 0.64285714
 [8,]     8      107      116 114   3   9  26  29  47 2.9473684 0.9736842 0.8947368 0.66666667
 [9,]     9      117      144 200   2   9  18  40 131 3.4450000 0.9900000 0.9450000 0.85500000
        P(X >=4)
 [1,] 0.00862069
 [2,] 0.02521008
 [3,] 0.07142857
 [4,] 0.16806723
 [5,] 0.14285714
 [6,] 0.22123894
 [7,] 0.30357143
 [8,] 0.41228070
 [9,] 0.65500000

$results[[30]][[3]]
         #ac #vi #vi/#ac maxvi sum sum/#ac zmax group group #zsig
P(X >=1)  36   0       0     0   0       0    0     0     0     0
P(X >=2)  36   0       0     0   0       0    0     0     0     0
P(X >=3)  36   0       0     0   0       0    0     0     0     0
P(X >=4)  36   0       0     0   0       0    0     0     0     0
Total    144   0       0     0   0       0    0     0     0     0

$results[[30]][[4]]
[1] "Minsize = 112 Minvi = 0.03"


$results[[31]]
$results[[31]][[1]]
[1] "r61i"

$results[[31]][[2]]
      Group Lo Score Hi Score   N F 0 F 1 F 2 F 3 F 4     Mean  P(X >=1)  P(X >=2)  P(X >=3)
 [1,]     1        9       47 120  16  25  30  25  24 2.133333 0.8666667 0.6583333 0.4083333
 [2,]     2       48       60 126   5  21  36  36  28 2.484127 0.9603175 0.7936508 0.5079365
 [3,]     3       61       69 114   9  19  26  27  33 2.491228 0.9210526 0.7543860 0.5263158
 [4,]     4       70       78 120   5  11  21  39  44 2.883333 0.9583333 0.8666667 0.6916667
 [5,]     5       79       87 113   1   7  18  31  56 3.185841 0.9911504 0.9292035 0.7699115
 [6,]     6       88       97 115   0   5  11  28  71 3.434783 1.0000000 0.9565217 0.8608696
 [7,]     7       98      107 117   0   2   9  30  76 3.538462 1.0000000 0.9829060 0.9059829
 [8,]     8      108      117 122   1   0   4  33  84 3.631148 0.9918033 0.9918033 0.9590164
 [9,]     9      118      144 177   0   0   1  13 163 3.915254 1.0000000 1.0000000 0.9943503
       P(X >=4)
 [1,] 0.2000000
 [2,] 0.2222222
 [3,] 0.2894737
 [4,] 0.3666667
 [5,] 0.4955752
 [6,] 0.6173913
 [7,] 0.6495726
 [8,] 0.6885246
 [9,] 0.9209040

$results[[31]][[3]]
         #ac #vi    #vi/#ac      maxvi        sum      sum/#ac      zmax group group #zsig
P(X >=1)  17   1 0.05882353 0.03926483 0.03926483 0.0023096958 1.0066169     2     3     0
P(X >=2)  28   1 0.03571429 0.03926483 0.03926483 0.0014023153 0.5755046     2     3     0
P(X >=3)  36   0 0.00000000 0.00000000 0.00000000 0.0000000000 0.0000000     0     0     0
P(X >=4)  36   0 0.00000000 0.00000000 0.00000000 0.0000000000 0.0000000     0     0     0
Total    117   2 0.01709402 0.03926483 0.07852966 0.0006711937 1.0066169     0     0     0

$results[[31]][[4]]
[1] "Minsize = 112 Minvi = 0.03"


$results[[32]]
$results[[32]][[1]]
[1] "e85s"

$results[[32]][[2]]
      Group Lo Score Hi Score   N F 0 F 1 F 2 F 3 F 4       Mean   P(X >=1)  P(X >=2)
 [1,]     1        9       49 115 111   4   0   0   0 0.03478261 0.03478261 0.0000000
 [2,]     2       50       60 112  77  19  11   5   0 0.50000000 0.31250000 0.1428571
 [3,]     3       61       69 113  73  15  16   7   2 0.67256637 0.35398230 0.2212389
 [4,]     4       70       79 122  75  20  15  10   2 0.72131148 0.38524590 0.2213115
 [5,]     5       80       88 116  67  17  21   8   3 0.81896552 0.42241379 0.2758621
 [6,]     6       89       98 116  51  25  15  14  11 1.21551724 0.56034483 0.3448276
 [7,]     7       99      107 117  33  22  24  25  13 1.68376068 0.71794872 0.5299145
 [8,]     8      108      116 113  22  20  28  16  27 2.05309735 0.80530973 0.6283186
 [9,]     9      117      144 200   6  22  40  31 101 2.99500000 0.97000000 0.8600000
        P(X >=3)   P(X >=4)
 [1,] 0.00000000 0.00000000
 [2,] 0.04464286 0.00000000
 [3,] 0.07964602 0.01769912
 [4,] 0.09836066 0.01639344
 [5,] 0.09482759 0.02586207
 [6,] 0.21551724 0.09482759
 [7,] 0.32478632 0.11111111
 [8,] 0.38053097 0.23893805
 [9,] 0.66000000 0.50500000

$results[[32]][[3]]
         #ac #vi #vi/#ac maxvi sum sum/#ac zmax group group #zsig
P(X >=1)  36   0       0     0   0       0    0     0     0     0
P(X >=2)  28   0       0     0   0       0    0     0     0     0
P(X >=3)  28   0       0     0   0       0    0     0     0     0
P(X >=4)  21   0       0     0   0       0    0     0     0     0
Total    113   0       0     0   0       0    0     0     0     0

$results[[32]][[4]]
[1] "Minsize = 112 Minvi = 0.03"


$results[[33]]
$results[[33]][[1]]
[1] "a68i"

$results[[33]][[2]]
      Group Lo Score Hi Score   N F 0 F 1 F 2 F 3 F 4     Mean  P(X >=1)  P(X >=2)   P(X >=3)
 [1,]     1        9       48 120  60  42  14   2   2 0.700000 0.5000000 0.1500000 0.03333333
 [2,]     2       49       61 128  19  53  36  18   2 1.460938 0.8515625 0.4375000 0.15625000
 [3,]     3       62       70 115  13  40  42  19   1 1.608696 0.8869565 0.5391304 0.17391304
 [4,]     4       71       79 120  13  23  43  28  13 2.041667 0.8916667 0.7000000 0.34166667
 [5,]     5       80       88 118   2  10  37  53  16 2.601695 0.9830508 0.8983051 0.58474576
 [6,]     6       89       98 114   1  10  24  42  37 2.912281 0.9912281 0.9035088 0.69298246
 [7,]     7       99      108 119   0   6  17  45  51 3.184874 1.0000000 0.9495798 0.80672269
 [8,]     8      109      117 112   0   2  16  25  69 3.437500 1.0000000 0.9821429 0.83928571
 [9,]     9      118      144 178   0   0   2  12 164 3.910112 1.0000000 1.0000000 0.98876404
         P(X >=4)
 [1,] 0.016666667
 [2,] 0.015625000
 [3,] 0.008695652
 [4,] 0.108333333
 [5,] 0.135593220
 [6,] 0.324561404
 [7,] 0.428571429
 [8,] 0.616071429
 [9,] 0.921348315

$results[[33]][[3]]
         #ac #vi #vi/#ac maxvi sum sum/#ac zmax group group #zsig
P(X >=1)  15   0       0     0   0       0    0     0     0     0
P(X >=2)  28   0       0     0   0       0    0     0     0     0
P(X >=3)  36   0       0     0   0       0    0     0     0     0
P(X >=4)  36   0       0     0   0       0    0     0     0     0
Total    115   0       0     0   0       0    0     0     0     0

$results[[33]][[4]]
[1] "Minsize = 112 Minvi = 0.03"


$results[[34]]
$results[[34]][[1]]
[1] "e102m"

$results[[34]][[2]]
      Group Lo Score Hi Score   N F 0 F 1 F 2 F 3 F 4      Mean  P(X >=1)  P(X >=2)   P(X >=3)
 [1,]     1        9       48 114  88  14  10   1   1 0.3596491 0.2280702 0.1052632 0.01754386
 [2,]     2       49       60 115  52  31  19   8   5 0.9826087 0.5478261 0.2782609 0.11304348
 [3,]     3       61       69 118  49  32  23   8   6 1.0677966 0.5847458 0.3135593 0.11864407
 [4,]     4       70       79 121  38  43  24   9   7 1.2066116 0.6859504 0.3305785 0.13223140
 [5,]     5       80       88 120  37  29  32  16   6 1.3750000 0.6916667 0.4500000 0.18333333
 [6,]     6       89       99 124  23  40  30  21  10 1.6370968 0.8145161 0.4919355 0.25000000
 [7,]     7      100      108 114  12  33  35  22  12 1.9035088 0.8947368 0.6052632 0.29824561
 [8,]     8      109      118 118   4  19  42  30  23 2.4152542 0.9661017 0.8050847 0.44915254
 [9,]     9      119      144 180   5  10  57  51  57 2.8055556 0.9722222 0.9166667 0.60000000
        P(X >=4)
 [1,] 0.00877193
 [2,] 0.04347826
 [3,] 0.05084746
 [4,] 0.05785124
 [5,] 0.05000000
 [6,] 0.08064516
 [7,] 0.10526316
 [8,] 0.19491525
 [9,] 0.31666667

$results[[34]][[3]]
         #ac #vi #vi/#ac maxvi sum sum/#ac zmax group group #zsig
P(X >=1)  36   0       0     0   0       0    0     0     0     0
P(X >=2)  36   0       0     0   0       0    0     0     0     0
P(X >=3)  36   0       0     0   0       0    0     0     0     0
P(X >=4)  36   0       0     0   0       0    0     0     0     0
Total    144   0       0     0   0       0    0     0     0     0

$results[[34]][[4]]
[1] "Minsize = 112 Minvi = 0.03"


$results[[35]]
$results[[35]][[1]]
[1] "a74ee"

$results[[35]][[2]]
      Group Lo Score Hi Score   N F 0 F 1 F 2 F 3 F 4     Mean  P(X >=1)  P(X >=2)  P(X >=3)
 [1,]     1        9       47 116  16  39  25  22  14 1.818966 0.8620690 0.5258621 0.3103448
 [2,]     2       48       60 124  10  28  38  38  10 2.080645 0.9193548 0.6935484 0.3870968
 [3,]     3       61       69 119   8  26  36  32  17 2.201681 0.9327731 0.7142857 0.4117647
 [4,]     4       70       78 115   5  15  34  32  29 2.565217 0.9565217 0.8260870 0.5304348
 [5,]     5       79       87 117   3  10  33  34  37 2.786325 0.9743590 0.8888889 0.6068376
 [6,]     6       88       97 112   2   6  30  46  28 2.821429 0.9821429 0.9285714 0.6607143
 [7,]     7       98      106 114   0   7  23  48  36 2.991228 1.0000000 0.9385965 0.7368421
 [8,]     8      107      117 122   0   1  21  49  51 3.229508 1.0000000 0.9918033 0.8196721
 [9,]     9      118      144 185   0   1  11  55 118 3.567568 1.0000000 0.9945946 0.9351351
        P(X >=4)
 [1,] 0.12068966
 [2,] 0.08064516
 [3,] 0.14285714
 [4,] 0.25217391
 [5,] 0.31623932
 [6,] 0.25000000
 [7,] 0.31578947
 [8,] 0.41803279
 [9,] 0.63783784

$results[[35]][[3]]
         #ac #vi    #vi/#ac      maxvi       sum     sum/#ac      zmax group group #zsig
P(X >=1)  15   0 0.00000000 0.00000000 0.0000000 0.000000000 0.0000000     0     0     0
P(X >=2)  36   0 0.00000000 0.00000000 0.0000000 0.000000000 0.0000000     0     0     0
P(X >=3)  36   0 0.00000000 0.00000000 0.0000000 0.000000000 0.0000000     0     0     0
P(X >=4)  36   2 0.05555556 0.06623932 0.1062838 0.002952328 0.9646511     5     6     0
Total    123   2 0.01626016 0.06623932 0.1062838 0.000864096 0.9646511     0     0     0

$results[[35]][[4]]
[1] "Minsize = 112 Minvi = 0.03"


$results[[36]]
$results[[36]][[1]]
[1] "r54i"

$results[[36]][[2]]
      Group Lo Score Hi Score   N F 0 F 1 F 2 F 3 F 4     Mean  P(X >=1)  P(X >=2)  P(X >=3)
 [1,]     1        9       47 118  24  37  24  20  13 1.669492 0.7966102 0.4830508 0.2796610
 [2,]     2       48       60 124   5  21  48  30  20 2.314516 0.9596774 0.7903226 0.4032258
 [3,]     3       61       69 119  10  22  34  30  23 2.285714 0.9159664 0.7310924 0.4453782
 [4,]     4       70       78 117   5   5  38  40  29 2.709402 0.9572650 0.9145299 0.5897436
 [5,]     5       79       87 114   1   8  23  41  41 2.991228 0.9912281 0.9210526 0.7192982
 [6,]     6       88       97 118   2   6  18  32  60 3.203390 0.9830508 0.9322034 0.7796610
 [7,]     7       98      107 113   1   1  11  38  62 3.407080 0.9911504 0.9823009 0.8849558
 [8,]     8      108      116 112   1   1   7  28  75 3.562500 0.9910714 0.9821429 0.9196429
 [9,]     9      117      144 189   0   0   5  21 163 3.835979 1.0000000 1.0000000 0.9735450
       P(X >=4)
 [1,] 0.1101695
 [2,] 0.1612903
 [3,] 0.1932773
 [4,] 0.2478632
 [5,] 0.3596491
 [6,] 0.5084746
 [7,] 0.5486726
 [8,] 0.6696429
 [9,] 0.8624339

$results[[36]][[3]]
         #ac #vi    #vi/#ac      maxvi        sum      sum/#ac      zmax group group #zsig
P(X >=1)  28   1 0.03571429 0.04371103 0.04371103 0.0015611083 1.1321309     2     3     0
P(X >=2)  28   1 0.03571429 0.05923014 0.05923014 0.0021153623 0.9328371     2     3     0
P(X >=3)  36   0 0.00000000 0.00000000 0.00000000 0.0000000000 0.0000000     0     0     0
P(X >=4)  36   0 0.00000000 0.00000000 0.00000000 0.0000000000 0.0000000     0     0     0
Total    128   2 0.01562500 0.05923014 0.10294118 0.0008042279 1.1321309     0     0     0

$results[[36]][[4]]
[1] "Minsize = 112 Minvi = 0.03"


$results[[37]]
$results[[37]][[1]]
[1] "a72ee"

$results[[37]][[2]]
      Group Lo Score Hi Score   N F 0 F 1 F 2 F 3 F 4     Mean  P(X >=1)  P(X >=2)  P(X >=3)
 [1,]     1        8       47 117   9  43  25  24  16 1.957265 0.9230769 0.5555556 0.3418803
 [2,]     2       48       60 125  11  24  28  50  12 2.224000 0.9120000 0.7200000 0.4960000
 [3,]     3       61       69 122   7  27  31  37  20 2.295082 0.9426230 0.7213115 0.4672131
 [4,]     4       70       78 113   2   7  32  36  36 2.858407 0.9823009 0.9203540 0.6371681
 [5,]     5       79       87 114   1   8  27  42  36 2.912281 0.9912281 0.9210526 0.6842105
 [6,]     6       88       97 114   1   5  25  50  33 2.956140 0.9912281 0.9473684 0.7280702
 [7,]     7       98      106 112   0   5  17  50  40 3.116071 1.0000000 0.9553571 0.8035714
 [8,]     8      107      116 113   0   2  15  53  43 3.212389 1.0000000 0.9823009 0.8495575
 [9,]     9      117      144 194   0   0   8  66 120 3.577320 1.0000000 1.0000000 0.9587629
       P(X >=4)
 [1,] 0.1367521
 [2,] 0.0960000
 [3,] 0.1639344
 [4,] 0.3185841
 [5,] 0.3157895
 [6,] 0.2894737
 [7,] 0.3571429
 [8,] 0.3805310
 [9,] 0.6185567

$results[[37]][[3]]
         #ac #vi     #vi/#ac      maxvi        sum      sum/#ac      zmax group group #zsig
P(X >=1)  15   0 0.000000000 0.00000000 0.00000000 0.0000000000 0.0000000     0     0     0
P(X >=2)  28   0 0.000000000 0.00000000 0.00000000 0.0000000000 0.0000000     0     0     0
P(X >=3)  36   0 0.000000000 0.00000000 0.00000000 0.0000000000 0.0000000     0     0     0
P(X >=4)  36   1 0.027777778 0.04075214 0.04075214 0.0011320038 0.7866828     1     2     0
Total    115   1 0.008695652 0.04075214 0.04075214 0.0003543664 0.7866828     0     0     0

$results[[37]][[4]]
[1] "Minsize = 112 Minvi = 0.03"



$I.labels
 [1] "r30e"  "a14i"  "r47i"  "r51i"  "a7i"   "a1i"   "e90f"  "a67i"  "e76m"  "e98m"  "r56i" 
[12] "a22i"  "a69i"  "r50i"  "r52i"  "e86a"  "a28i"  "a131"  "e100a" "a11i"  "e91f"  "a26ee"
[23] "e88a"  "r66i"  "a2i"   "e80a"  "e93s"  "e77m"  "r62i"  "e82m"  "r61i"  "e85s"  "a68i" 
[34] "e102m" "a74ee" "r54i"  "a72ee"

$Hi
     r30e      a14i      r47i      r51i       a7i       a1i      e90f      a67i      e76m 
0.3767313 0.2016479 0.3775837 0.3939684 0.3382756 0.4594340 0.2640228 0.4777092 0.4416349 
     e98m      r56i      a22i      a69i      r50i      r52i      e86a      a28i      a131 
0.4798620 0.3365286 0.2978962 0.4658046 0.4068627 0.4392392 0.4104137 0.4637075 0.2810794 
    e100a      a11i      e91f     a26ee      e88a      r66i       a2i      e80a      e93s 
0.5101403 0.4099171 0.3507078 0.4450727 0.4344144 0.4975052 0.3733136 0.4582640 0.4225442 
     e77m      r62i      e82m      r61i      e85s      a68i     e102m     a74ee      r54i 
0.4234261 0.4982658 0.4054294 0.3769168 0.4598354 0.5026967 0.3864226 0.3408511 0.4025478 
    a72ee 
0.3310216 

$m
[1] 5

$X
        r30e a14i r47i r51i a7i a1i e90f a67i e76m e98m r56i a22i a69i r50i r52i e86a a28i a131
   [1,]    1    2    0    0   1   0    0    0    1    0    0    2    0    0    0    1    0    0
   [2,]    3    4    3    3   0   0    4    4    2    2    4    0    0    0    2    2    3    0
   [3,]    0    4    0    0   4   2    0    0    0    0    0    4    0    0    0    0    0    4
   [4,]    0    3    0    0   0   2    1    0    0    0    4    0    0    0    0    0    0    0
   [5,]    0    4    0    0   0   0    4    3    4    2    1    0    3    0    1    2    2    0
   [6,]    2    3    1    1   1   2    1    1    1    1    2    1    1    2    2    2    2    1
   [7,]    1    3    0    0   2   0    0    0    3    1    0    0    1    0    1    1    0    0
   [8,]    0    0    0    1   1   2    2    1    0    0    0    0    4    0    2    1    0    0
   [9,]    2    2    3    3   3   1    2    2    1    2    2    2    2    2    3    2    2    3
  [10,]    2    1    1    2   3   4    1    0    1    0    1    2    2    1    2    1    0    1
  [11,]    2    1    1    2   3   4    1    0    1    0    1    2    2    1    2    1    0    1
  [12,]    3    1    3    1   0   0    2    2    0    0    3    0    2    1    1    2    1    0
  [13,]    2    3    3    3   1   1    2    1    0    2    2    3    1    2    2    2    2    2
  [14,]    2    3    3    3   1   1    2    1    0    2    2    3    1    2    2    2    2    2
  [15,]    1    1    2    2   2   2    1    3    2    1    3    3    1    1    1    2    1    2
  [16,]    1    2    1    0   3   4    2    2    0    1    2    2    2    0    1    2    2    3
  [17,]    3    2    1    3   3   2    0    1    0    3    0    0    3    4    3    0    0    0
  [18,]    2    3    2    2   0   2    1    1    1    0    2    1    2    2    2    2    1    0
  [19,]    4    2    2    3   3   0    1    1    1    3    2    2    2    1    2    4    2    2
  [20,]    0    3    2    2   3   3    2    1    0    0    2    4    2    2    2    2    1    2
  [21,]    0    1    3    2   0   0    1    1    0    0    4    1    1    1    2    2    1    0
  [22,]    0    1    2    2   0   0    0    0    0    0    0    0    0    0    0    0    0    0
  [23,]    1    2    2    0   2   2    0    2    1    2    2    2    1    1    2    2    1    1
  [24,]    0    4    0    0   3   0    1    0    1    0    1    3    0    0    0    1    0    3
  [25,]    2    2    4    3   4   2    3    3    2    0    2    0    1    0    2    3    1    3
  [26,]    2    2    4    3   4   2    3    3    2    0    2    0    1    0    2    3    1    3
  [27,]    0    3    3    2   1   2    0    0    0    0    3    0    0    2    3    0    1    0
        e100a a11i e91f a26ee e88a r66i a2i e80a e93s e77m r62i e82m r61i e85s a68i e102m a74ee
   [1,]     0    0    0     0    0    0   2    0    0    0    1    1    0    0    0     0     3
   [2,]     2    0    1     2    2    3   3    2    0    1    2    3    4    0    2     0     1
   [3,]     0    0    0     0    0    0   0    0    0    0    0    0    0    0    0     0     0
   [4,]     0    0    0     2    0    0   0    0    0    0    0    0    2    0    0     0     0
   [5,]     1    4    4     4    3    2   3    3    4    1    4    2    1    0    3     1     1
   [6,]     1    2    2     2    2    2   2    1    0    1    2    2    2    0    1     1     1
   [7,]     2    1    0     0    2    0   0    3    0    3    1    3    1    0    1     2     0
   [8,]     0    4    0     0    1    2   4    0    0    1    1    3    2    0    0     1     0
   [9,]     1    0    1     1    2    2   3    4    4    1    1    2    2    0    1     0     0
  [10,]     1    3    2     1    1    1   4    2    2    3    1    2    1    1    1     2     3
  [11,]     1    3    2     1    1    1   2    2    2    3    1    2    1    1    1     2     3
  [12,]     2    4    1     0    2    2   4    2    0    3    1    3    3    0    3     0     2
  [13,]     2    2    1     0    1    0   4    1    2    1    2    3    2    2    2     0     2
  [14,]     2    2    1     0    1    0   1    1    2    1    2    3    2    2    2     0     2
  [15,]     1    2    0     1    1    1   2    1    0    1    1    2    1    0    1     0     1
  [16,]     1    2    0     1    2    2   3    0    0    0    2    1    2    0    1     0     1
  [17,]     2    1    0     1    1    1   2    0    0    1    3    3    3    0    3     1     0
  [18,]     2    2    0     0    1    0   4    3    4    2    2    2    3    1    3     1     0
  [19,]     3    3    2     1    2    4   4    1    1    0    2    2    0    0    1     1     0
  [20,]     0    3    0     0    2    1   3    1    0    0    2    1    3    0    3     0     0
  [21,]     1    2    0     1    0    0   2    0    0    0    0    0    4    0    1     0     0
  [22,]     0    0    0     0    0    0   2    0    0    0    0    0    2    0    0     0     0
  [23,]     1    2    1     1    2    1   2    2    2    1    3    2    1    1    1     2     1
  [24,]     0    1    0     1    1    0   2    0    1    1    0    1    3    0    1     0     1
  [25,]     2    3    3     1    2    3   2    1    2    4    3    0    0    1    2     2     0
  [26,]     2    3    3     1    2    3   1    1    2    4    3    0    0    1    2     2     0
  [27,]     0    1    0     0    0    0   3    2    0    0    0    0    3    0    0     0     0
        r54i a72ee
   [1,]    0     0
   [2,]    0     0
   [3,]    0     0
   [4,]    0     0
   [5,]    1     0
   [6,]    1     0
   [7,]    1     0
   [8,]    1     0
   [9,]    1     0
  [10,]    2     0
  [11,]    2     0
  [12,]    2     0
  [13,]    2     0
  [14,]    2     0
  [15,]    2     0
  [16,]    2     0
  [17,]    2     0
  [18,]    2     0
  [19,]    2     0
  [20,]    2     0
  [21,]    2     0
  [22,]    2     0
  [23,]    3     0
  [24,]    3     0
  [25,]    3     0
  [26,]    3     0
  [27,]    3     0
 [ reached getOption("max.print") -- omitted 1097 rows ]

attr(,"class")
[1] "monotonicity.class"
