$Hij
      r30e    se      r47i    se      r51i    se      a7i     se      a1i     se      a67i   
r30e                   0.439  (0.029)  0.452  (0.029)  0.312  (0.031)  0.430  (0.029)  0.474 
r47i   0.439  (0.029)                  0.770  (0.016)  0.289  (0.030)  0.400  (0.027)  0.449 
r51i   0.452  (0.029)  0.770  (0.016)                  0.295  (0.030)  0.447  (0.027)  0.466 
a7i    0.312  (0.031)  0.289  (0.030)  0.295  (0.030)                  0.526  (0.026)  0.397 
a1i    0.430  (0.029)  0.400  (0.027)  0.447  (0.027)  0.526  (0.026)                  0.613 
a67i   0.474  (0.027)  0.449  (0.027)  0.466  (0.026)  0.397  (0.028)  0.613  (0.022)        
e76m   0.306  (0.030)  0.303  (0.029)  0.331  (0.029)  0.267  (0.031)  0.458  (0.027)  0.464 
e98m   0.438  (0.028)  0.392  (0.028)  0.442  (0.027)  0.273  (0.030)  0.490  (0.026)  0.534 
r56i   0.404  (0.030)  0.487  (0.027)  0.430  (0.028)  0.216  (0.032)  0.372  (0.030)  0.522 
a22i   0.379  (0.030)  0.277  (0.030)  0.266  (0.031)  0.757  (0.016)  0.472  (0.027)  0.367 
a69i   0.520  (0.027)  0.442  (0.028)  0.452  (0.027)  0.359  (0.029)  0.625  (0.022)  0.740 
r50i   0.429  (0.029)  0.606  (0.024)  0.661  (0.021)  0.239  (0.030)  0.436  (0.028)  0.494 
r52i   0.513  (0.027)  0.612  (0.023)  0.717  (0.019)  0.310  (0.029)  0.471  (0.026)  0.536 
e86a   0.356  (0.034)  0.424  (0.031)  0.391  (0.031)  0.238  (0.034)  0.427  (0.029)  0.520 
      se      e76m    se      e98m    se      r56i    se      a22i    se      a69i    se     
r30e  (0.027)  0.306  (0.030)  0.438  (0.028)  0.404  (0.030)  0.379  (0.030)  0.520  (0.027)
r47i  (0.027)  0.303  (0.029)  0.392  (0.028)  0.487  (0.027)  0.277  (0.030)  0.442  (0.028)
r51i  (0.026)  0.331  (0.029)  0.442  (0.027)  0.430  (0.028)  0.266  (0.031)  0.452  (0.027)
a7i   (0.028)  0.267  (0.031)  0.273  (0.030)  0.216  (0.032)  0.757  (0.016)  0.359  (0.029)
a1i   (0.022)  0.458  (0.027)  0.490  (0.026)  0.372  (0.030)  0.472  (0.027)  0.625  (0.022)
a67i           0.464  (0.027)  0.534  (0.025)  0.522  (0.027)  0.367  (0.029)  0.740  (0.018)
e76m  (0.027)                  0.699  (0.020)  0.296  (0.030)  0.191  (0.031)  0.415  (0.028)
e98m  (0.025)  0.699  (0.020)                  0.363  (0.030)  0.223  (0.030)  0.500  (0.025)
r56i  (0.027)  0.296  (0.030)  0.363  (0.030)                  0.245  (0.032)  0.502  (0.028)
a22i  (0.029)  0.191  (0.031)  0.223  (0.030)  0.245  (0.032)                  0.330  (0.029)
a69i  (0.018)  0.415  (0.028)  0.500  (0.025)  0.502  (0.028)  0.330  (0.029)                
r50i  (0.027)  0.340  (0.029)  0.462  (0.027)  0.436  (0.030)  0.240  (0.030)  0.509  (0.026)
r52i  (0.024)  0.388  (0.029)  0.492  (0.027)  0.460  (0.029)  0.284  (0.030)  0.557  (0.025)
e86a  (0.029)  0.461  (0.029)  0.491  (0.028)  0.410  (0.033)  0.230  (0.035)  0.466  (0.029)
      r50i    se      r52i    se      e86a    se      a28i    se      a131    se      e100a  
r30e   0.429  (0.029)  0.513  (0.027)  0.356  (0.034)  0.472  (0.028)  0.284  (0.031)  0.509 
r47i   0.606  (0.024)  0.612  (0.023)  0.424  (0.031)  0.448  (0.027)  0.173  (0.033)  0.420 
r51i   0.661  (0.021)  0.717  (0.019)  0.391  (0.031)  0.475  (0.026)  0.191  (0.032)  0.487 
a7i    0.239  (0.030)  0.310  (0.029)  0.238  (0.034)  0.475  (0.027)  0.772  (0.017)  0.342 
a1i    0.436  (0.028)  0.471  (0.026)  0.427  (0.029)  0.612  (0.022)  0.414  (0.030)  0.516 
a67i   0.494  (0.027)  0.536  (0.024)  0.520  (0.029)  0.615  (0.021)  0.330  (0.030)  0.586 
e76m   0.340  (0.029)  0.388  (0.029)  0.461  (0.029)  0.408  (0.028)  0.218  (0.032)  0.611 
e98m   0.462  (0.027)  0.492  (0.027)  0.491  (0.028)  0.456  (0.027)  0.254  (0.031)  0.710 
r56i   0.436  (0.030)  0.460  (0.029)  0.410  (0.033)  0.386  (0.030)  0.157  (0.035)  0.428 
a22i   0.240  (0.030)  0.284  (0.030)  0.230  (0.035)  0.467  (0.027)  0.701  (0.021)  0.282 
a69i   0.509  (0.026)  0.557  (0.025)  0.466  (0.029)  0.629  (0.022)  0.289  (0.031)  0.579 
r50i                   0.790  (0.016)  0.449  (0.032)  0.471  (0.027)  0.183  (0.032)  0.516 
r52i   0.790  (0.016)                  0.445  (0.031)  0.500  (0.026)  0.238  (0.031)  0.554 
e86a   0.449  (0.032)  0.445  (0.031)                  0.451  (0.030)  0.156  (0.039)  0.518 
      se      a11i    se      e91f    se      a26ee   se      e88a    se      r66i    se     
r30e  (0.026)  0.461  (0.028)  0.253  (0.031)  0.300  (0.031)  0.356  (0.033)  0.536  (0.025)
r47i  (0.027)  0.421  (0.028)  0.286  (0.032)  0.349  (0.030)  0.349  (0.031)  0.410  (0.028)
r51i  (0.027)  0.392  (0.028)  0.333  (0.032)  0.347  (0.029)  0.355  (0.031)  0.445  (0.028)
a7i   (0.029)  0.454  (0.029)  0.177  (0.033)  0.321  (0.029)  0.276  (0.031)  0.390  (0.028)
a1i   (0.025)  0.578  (0.025)  0.297  (0.032)  0.414  (0.028)  0.453  (0.028)  0.598  (0.025)
a67i  (0.024)  0.561  (0.025)  0.338  (0.030)  0.452  (0.027)  0.501  (0.028)  0.641  (0.022)
e76m  (0.023)  0.305  (0.032)  0.464  (0.028)  0.616  (0.023)  0.545  (0.025)  0.498  (0.026)
e98m  (0.019)  0.382  (0.030)  0.501  (0.026)  0.624  (0.022)  0.552  (0.026)  0.575  (0.023)
r56i  (0.030)  0.358  (0.030)  0.245  (0.033)  0.290  (0.032)  0.346  (0.032)  0.366  (0.030)
a22i  (0.030)  0.468  (0.028)  0.092  (0.032)  0.230  (0.030)  0.235  (0.033)  0.347  (0.028)
a69i  (0.024)  0.585  (0.023)  0.268  (0.031)  0.411  (0.028)  0.448  (0.029)  0.683  (0.021)
r50i  (0.027)  0.397  (0.030)  0.336  (0.030)  0.366  (0.029)  0.442  (0.029)  0.453  (0.027)
r52i  (0.025)  0.444  (0.028)  0.373  (0.031)  0.393  (0.029)  0.422  (0.029)  0.542  (0.026)
e86a  (0.028)  0.341  (0.032)  0.294  (0.039)  0.428  (0.030)  0.730  (0.022)  0.430  (0.031)
      a2i     se      e80a    se      e93s    se      e77m    se      r62i    se      e82m   
r30e   0.354  (0.034)  0.391  (0.030)  0.275  (0.032)  0.396  (0.029)  0.566  (0.024)  0.337 
r47i   0.338  (0.033)  0.387  (0.029)  0.337  (0.031)  0.301  (0.030)  0.447  (0.028)  0.276 
r51i   0.367  (0.033)  0.375  (0.030)  0.332  (0.031)  0.308  (0.029)  0.466  (0.027)  0.314 
a7i    0.263  (0.032)  0.309  (0.031)  0.358  (0.031)  0.267  (0.031)  0.374  (0.029)  0.198 
a1i    0.540  (0.027)  0.478  (0.026)  0.390  (0.029)  0.439  (0.028)  0.619  (0.023)  0.415 
a67i   0.500  (0.029)  0.456  (0.028)  0.384  (0.031)  0.409  (0.028)  0.657  (0.021)  0.411 
e76m   0.356  (0.031)  0.594  (0.024)  0.586  (0.023)  0.763  (0.016)  0.523  (0.025)  0.672 
e98m   0.369  (0.031)  0.568  (0.025)  0.581  (0.023)  0.629  (0.023)  0.574  (0.024)  0.627 
r56i   0.307  (0.033)  0.388  (0.030)  0.225  (0.035)  0.282  (0.032)  0.373  (0.030)  0.269 
a22i   0.258  (0.033)  0.260  (0.032)  0.223  (0.031)  0.207  (0.031)  0.356  (0.028)  0.149 
a69i   0.533  (0.027)  0.495  (0.027)  0.342  (0.031)  0.395  (0.029)  0.664  (0.022)  0.400 
r50i   0.344  (0.033)  0.481  (0.028)  0.378  (0.030)  0.324  (0.031)  0.444  (0.028)  0.333 
r52i   0.417  (0.032)  0.447  (0.028)  0.380  (0.030)  0.366  (0.029)  0.538  (0.025)  0.368 
e86a   0.373  (0.033)  0.523  (0.028)  0.397  (0.036)  0.413  (0.032)  0.439  (0.031)  0.393 
      se      r61i    se      e85s    se      a68i    se      e102m   se      a74ee   se     
r30e  (0.031)  0.335  (0.032)  0.372  (0.030)  0.518  (0.027)  0.296  (0.031)  0.221  (0.030)
r47i  (0.031)  0.330  (0.032)  0.398  (0.031)  0.422  (0.028)  0.314  (0.031)  0.295  (0.031)
r51i  (0.030)  0.346  (0.032)  0.410  (0.030)  0.470  (0.027)  0.275  (0.032)  0.280  (0.031)
a7i   (0.031)  0.241  (0.032)  0.349  (0.031)  0.388  (0.028)  0.313  (0.030)  0.128  (0.031)
a1i   (0.028)  0.452  (0.028)  0.417  (0.030)  0.613  (0.022)  0.380  (0.031)  0.313  (0.030)
a67i  (0.028)  0.493  (0.028)  0.448  (0.029)  0.643  (0.022)  0.411  (0.030)  0.338  (0.030)
e76m  (0.020)  0.319  (0.032)  0.610  (0.022)  0.481  (0.027)  0.545  (0.025)  0.436  (0.027)
e98m  (0.022)  0.417  (0.028)  0.632  (0.022)  0.555  (0.025)  0.501  (0.026)  0.478  (0.026)
r56i  (0.032)  0.369  (0.032)  0.314  (0.034)  0.412  (0.029)  0.278  (0.033)  0.246  (0.032)
a22i  (0.031)  0.239  (0.034)  0.271  (0.031)  0.371  (0.028)  0.229  (0.030)  0.104  (0.032)
a69i  (0.028)  0.519  (0.027)  0.429  (0.029)  0.712  (0.020)  0.395  (0.029)  0.318  (0.030)
r50i  (0.029)  0.434  (0.030)  0.435  (0.029)  0.516  (0.026)  0.285  (0.031)  0.374  (0.030)
r52i  (0.029)  0.408  (0.030)  0.469  (0.029)  0.563  (0.024)  0.299  (0.032)  0.332  (0.029)
e86a  (0.033)  0.416  (0.032)  0.378  (0.040)  0.432  (0.030)  0.344  (0.035)  0.584  (0.028)
      r54i    se      a72ee   se     
r30e   0.362  (0.032)  0.219  (0.032)
r47i   0.406  (0.030)  0.250  (0.032)
r51i   0.408  (0.030)  0.265  (0.031)
a7i    0.311  (0.032)  0.156  (0.032)
a1i    0.487  (0.028)  0.298  (0.030)
a67i   0.567  (0.027)  0.337  (0.031)
e76m   0.303  (0.031)  0.411  (0.028)
e98m   0.400  (0.029)  0.471  (0.026)
r56i   0.389  (0.030)  0.243  (0.032)
a22i   0.302  (0.031)  0.104  (0.033)
a69i   0.592  (0.025)  0.282  (0.031)
r50i   0.437  (0.029)  0.339  (0.030)
r52i   0.466  (0.030)  0.323  (0.029)
e86a   0.463  (0.032)  0.573  (0.029)
 [ reached getOption("max.print") -- omitted 21 rows ]

$Hi
      Item H  se     
r30e    0.391 (0.017)
r47i    0.389 (0.016)
r51i    0.405 (0.016)
a7i     0.340 (0.018)
a1i     0.469 (0.014)
a67i    0.489 (0.013)
e76m    0.449 (0.015)
e98m    0.490 (0.013)
r56i    0.346 (0.018)
a22i    0.303 (0.018)
a69i    0.481 (0.014)
r50i    0.420 (0.016)
r52i    0.453 (0.015)
e86a    0.422 (0.017)
a28i    0.476 (0.014)
a131    0.281 (0.020)
e100a   0.522 (0.013)
a11i    0.423 (0.016)
e91f    0.347 (0.018)
a26ee   0.449 (0.015)
e88a    0.444 (0.016)
r66i    0.510 (0.013)
a2i     0.385 (0.018)
e80a    0.470 (0.015)
e93s    0.427 (0.017)
e77m    0.433 (0.016)
r62i    0.512 (0.013)
e82m    0.415 (0.016)
r61i    0.389 (0.016)
e85s    0.467 (0.016)
a68i    0.516 (0.013)
e102m   0.394 (0.017)
a74ee   0.350 (0.017)
r54i    0.417 (0.016)
a72ee   0.339 (0.017)

$H
Scale H      se 
  0.424 (0.011) 

$covHij
                [,1]          [,2]          [,3]          [,4]          [,5]          [,6]
  [1,]  8.175724e-04  6.124617e-04  1.893154e-04  2.670284e-04  2.695434e-04  1.559829e-04
                [,7]          [,8]          [,9]         [,10]         [,11]         [,12]
  [1,]  2.159850e-04  3.079782e-04  1.698517e-04  2.349921e-04  4.705148e-04  4.255581e-04
               [,13]         [,14]         [,15]         [,16]         [,17]         [,18]
  [1,]  3.173532e-04  2.744081e-04  1.026858e-04  2.323102e-04  2.593654e-04  1.736831e-04
               [,19]         [,20]         [,21]         [,22]         [,23]        [,24]
  [1,]  2.472242e-04  2.403770e-04  1.708129e-04  1.916252e-04  2.455004e-04 1.411919e-04
               [,25]         [,26]         [,27]         [,28]         [,29]         [,30]
  [1,]  1.161552e-04  1.735640e-04  1.702512e-04  2.365072e-04  2.271516e-04  2.192885e-04
               [,31]         [,32]         [,33]         [,34]         [,35]         [,36]
  [1,]  1.801477e-04  2.185196e-04  3.006187e-04  2.076057e-04  5.754277e-05  1.549969e-04
               [,37]         [,38]         [,39]         [,40]         [,41]         [,42]
  [1,]  1.923241e-04  2.362099e-04  1.233372e-04  1.956821e-04  1.940343e-04  2.473751e-04
               [,43]         [,44]        [,45]         [,46]         [,47]         [,48]
  [1,]  2.581581e-04  9.903286e-05 1.898913e-04  1.447370e-04  2.265528e-04  1.986086e-04
               [,49]         [,50]        [,51]         [,52]         [,53]         [,54]
  [1,]  2.556424e-04  2.670465e-04 9.750596e-05  9.185464e-05  1.413774e-04  3.308931e-04
               [,55]         [,56]         [,57]         [,58]         [,59]         [,60]
  [1,]  1.796612e-04  1.734349e-04  7.704132e-05  2.190061e-04  2.967549e-04  1.478328e-04
               [,61]        [,62]         [,63]         [,64]         [,65]         [,66]
  [1,]  1.596532e-04 1.905883e-04  2.674961e-04  1.958257e-04  6.063660e-05  1.499110e-04
               [,67]         [,68]         [,69]         [,70]         [,71]         [,72]
  [1,]  5.916513e-05  1.270403e-04  1.574486e-04  1.777617e-04  8.349231e-05  1.436152e-04
               [,73]         [,74]         [,75]         [,76]         [,77]         [,78]
  [1,]  1.597026e-04  1.997559e-04  1.972568e-04  6.346764e-05  1.109519e-04  1.177608e-04
               [,79]         [,80]         [,81]         [,82]         [,83]         [,84]
  [1,]  1.926894e-04  1.546004e-04  2.080673e-04  1.987224e-04  7.307603e-05  1.024126e-04
               [,85]         [,86]         [,87]         [,88]         [,89]         [,90]
  [1,]  1.179603e-04  2.789103e-04  1.289625e-04  1.539569e-04  8.520387e-05  1.522146e-04
               [,91]         [,92]         [,93]         [,94]         [,95]         [,96]
  [1,]  2.196953e-04  1.184459e-04  1.355466e-04  1.653370e-04  1.873048e-04  1.230061e-04
               [,97]         [,98]         [,99]        [,100]        [,101]        [,102]
  [1,]  4.797855e-05  1.003832e-04  5.532267e-05 -4.592102e-06  5.868206e-05  1.879821e-05
              [,103]        [,104]        [,105]        [,106]        [,107]        [,108]
  [1,]  4.417245e-05  1.163365e-04  2.658379e-05  7.664645e-05  8.443101e-05  8.601951e-05
              [,109]        [,110]        [,111]        [,112]        [,113]        [,114]
  [1,]  7.434002e-05  1.852216e-05  8.379491e-06  7.918754e-05  2.470529e-05  5.853877e-05
              [,115]        [,116]        [,117]        [,118]        [,119]        [,120]
  [1,]  7.447993e-05  5.257085e-05  3.723779e-05 -2.141737e-06  6.128508e-05  2.119403e-05
              [,121]        [,122]        [,123]        [,124]        [,125]        [,126]
  [1,]  3.837784e-05  6.455369e-05  6.880212e-05  1.732194e-05  7.384888e-05  5.495888e-05
              [,127]        [,128]        [,129]        [,130]        [,131]       [,132]
  [1,]  3.478801e-05  2.621268e-05  3.585977e-05  1.448919e-05  6.067609e-05 7.322906e-05
              [,133]        [,134]        [,135]       [,136]        [,137]        [,138]
  [1,]  1.088060e-04  1.197701e-04  4.991838e-05 8.088150e-05  1.517996e-04  1.064009e-04
              [,139]        [,140]        [,141]       [,142]       [,143]       [,144]
  [1,]  6.338716e-05  5.535600e-05  3.239016e-06 9.423071e-05 4.870877e-05 6.085592e-05
              [,145]        [,146]        [,147]        [,148]        [,149]       [,150]
  [1,]  7.612598e-05  6.495424e-05  7.713201e-05  4.289009e-05  7.807882e-05 9.702022e-06
              [,151]        [,152]        [,153]        [,154]       [,155]        [,156]
  [1,]  5.111271e-05  6.770312e-05  8.159703e-05  6.741994e-05 5.586643e-05  5.550268e-05
             [,157]        [,158]        [,159]        [,160]        [,161]        [,162]
  [1,] 7.392706e-05  3.613343e-05  9.224157e-05  4.500704e-05  6.487690e-05  7.920079e-05
              [,163]        [,164]        [,165]        [,166]        [,167]        [,168]
  [1,]  1.012223e-04  8.264701e-05  6.162447e-05  1.277959e-04  1.274234e-04  4.695441e-05
             [,169]        [,170]       [,171]       [,172]       [,173]       [,174]
  [1,] 6.714904e-05  4.859931e-05 5.472821e-05 1.050829e-04 1.029002e-04 1.371608e-04
              [,175]        [,176]        [,177]        [,178]        [,179]        [,180]
  [1,]  2.874302e-05  1.022498e-04  5.074609e-05  1.053457e-04  5.872814e-05  7.840113e-05
             [,181]        [,182]        [,183]        [,184]       [,185]       [,186]
  [1,] 6.743492e-05  7.577483e-05  1.918883e-05  8.197486e-05 4.576835e-05 8.738572e-05
              [,187]        [,188]        [,189]        [,190]        [,191]        [,192]
  [1,]  4.776793e-05  4.531509e-05  4.955520e-05  6.392114e-06  9.669716e-05  3.787817e-05
             [,193]        [,194]        [,195]        [,196]       [,197]        [,198]
  [1,] 1.006370e-04  7.297330e-05  1.040725e-04  8.391912e-05 6.213400e-05 -1.121017e-06
              [,199]        [,200]        [,201]        [,202]        [,203]        [,204]
  [1,] -1.484038e-06  9.857804e-05  2.574594e-05  5.942734e-05  4.985353e-05  2.691356e-05
              [,205]        [,206]        [,207]        [,208]        [,209]        [,210]
  [1,]  4.256734e-05  6.943377e-05  1.400159e-05  3.234543e-05  3.533722e-05  3.620277e-05
              [,211]        [,212]        [,213]        [,214]        [,215]        [,216]
  [1,]  6.665553e-05  3.094285e-05  6.355738e-05  3.044128e-05  1.243369e-05  5.772954e-05
              [,217]        [,218]        [,219]       [,220]        [,221]        [,222]
  [1,]  8.438947e-06  1.336988e-04  8.512059e-05 1.022321e-04  1.309536e-04  1.538307e-04
             [,223]        [,224]        [,225]        [,226]       [,227]        [,228]
  [1,] 1.132788e-04  1.086679e-04  4.606004e-05  2.759972e-05 1.094240e-04  5.774804e-05
              [,229]        [,230]       [,231]        [,232]       [,233]        [,234]
  [1,]  6.076366e-05  7.959622e-05 5.526543e-05  7.618792e-05 8.068954e-05  2.138067e-05
              [,235]        [,236]        [,237]        [,238]        [,239]        [,240]
  [1,]  4.755900e-05  5.761201e-05  3.590883e-05  9.509082e-05  5.441056e-05  6.074522e-05
              [,241]        [,242]        [,243]        [,244]        [,245]        [,246]
  [1,]  5.906200e-05  1.384580e-05  9.068314e-05  2.328896e-05  1.450250e-04  1.201165e-04
              [,247]        [,248]        [,249]        [,250]        [,251]        [,252]
  [1,]  1.504731e-04  1.253823e-04  6.202949e-05  1.351561e-04  1.262841e-04  1.574272e-04
              [,253]        [,254]        [,255]        [,256]        [,257]        [,258]
  [1,]  1.354968e-04  1.208497e-04  1.290654e-04  7.461674e-05  1.509533e-04  5.483359e-05
              [,259]        [,260]        [,261]        [,262]        [,263]        [,264]
  [1,]  9.495228e-05  8.060067e-05  1.110185e-04  1.038228e-04  1.165031e-04  7.990281e-05
              [,265]        [,266]        [,267]        [,268]        [,269]        [,270]
  [1,]  1.552491e-04  1.229198e-04  1.058849e-04  9.496597e-05  7.999093e-05  9.228087e-05
              [,271]        [,272]        [,273]        [,274]        [,275]        [,276]
  [1,]  1.054686e-04  1.499560e-04  1.358606e-04  8.176560e-05  4.744294e-05 -5.531970e-07
              [,277]        [,278]        [,279]        [,280]        [,281]        [,282]
  [1,]  1.191753e-04  3.860515e-05  7.822367e-05  8.454127e-05  8.140463e-05  5.133917e-05
              [,283]        [,284]        [,285]        [,286]        [,287]        [,288]
  [1,]  3.960724e-05  8.457290e-05  3.272253e-05  3.217295e-05  7.872777e-05  7.596834e-05
              [,289]        [,290]        [,291]        [,292]        [,293]        [,294]
  [1,]  5.838072e-05  9.883539e-05  9.326070e-05  3.170895e-05  5.503179e-05  5.095526e-05
              [,295]        [,296]       [,297]        [,298]        [,299]        [,300]
  [1,]  3.255401e-05  1.416305e-04 1.132636e-04  3.183729e-05  8.918641e-05  7.504580e-05
             [,301]       [,302]       [,303]        [,304]        [,305]        [,306]
  [1,] 8.918664e-05 1.077424e-04 1.079022e-04  1.001676e-04  6.247222e-05  1.149787e-04
              [,307]        [,308]       [,309]       [,310]        [,311]       [,312]
  [1,]  8.017458e-05  7.330680e-05 5.481375e-05 1.204046e-04  8.428769e-05 1.150245e-04
              [,313]       [,314]        [,315]        [,316]        [,317]        [,318]
  [1,]  6.149670e-05 1.449107e-04  4.387152e-05  8.746081e-05  3.718627e-05  4.398107e-05
              [,319]        [,320]        [,321]        [,322]        [,323]        [,324]
  [1,]  4.806768e-05  8.413932e-05  1.676736e-04  1.592838e-04  1.102166e-04  1.682415e-04
              [,325]        [,326]        [,327]        [,328]        [,329]        [,330]
  [1,]  1.736078e-04  4.518430e-05  5.739671e-05  7.009421e-05  1.880072e-04  1.211849e-04
              [,331]        [,332]        [,333]        [,334]        [,335]        [,336]
  [1,]  1.376594e-04  9.256974e-05  1.609164e-04  1.530789e-04  1.423936e-04  1.523994e-04
              [,337]        [,338]        [,339]        [,340]        [,341]        [,342]
  [1,]  1.428564e-04  1.683359e-04  1.443689e-04  4.514987e-05  8.776144e-05  4.488584e-05
              [,343]        [,344]        [,345]        [,346]       [,347]        [,348]
  [1,]  1.136942e-04  1.585588e-04  7.597457e-05  1.600832e-04 1.466330e-04  5.543648e-05
              [,349]        [,350]        [,351]        [,352]        [,353]        [,354]
  [1,]  1.010929e-04  8.907663e-05  1.723541e-04  8.357849e-05  1.293434e-04  9.873549e-05
              [,355]       [,356]        [,357]        [,358]        [,359]        [,360]
  [1,]  1.475977e-04 1.325875e-04  1.154032e-04  1.050371e-04  1.296021e-04  1.189196e-04
              [,361]        [,362]        [,363]        [,364]        [,365]        [,366]
  [1,]  1.235953e-04  3.716244e-05  5.525426e-05  3.608498e-05  5.828288e-05  1.931287e-05
              [,367]        [,368]        [,369]        [,370]        [,371]        [,372]
  [1,]  9.246699e-05  8.393619e-05  1.096368e-04  8.767690e-05  6.328800e-05  9.297061e-05
              [,373]        [,374]        [,375]        [,376]        [,377]        [,378]
  [1,]  6.183801e-05  7.898002e-05  8.532028e-05  1.070456e-04  9.104409e-05  5.533801e-05
              [,379]        [,380]        [,381]        [,382]        [,383]        [,384]
  [1,]  6.382887e-05  1.269470e-04  8.648964e-05  4.639866e-05  6.942578e-05  5.985714e-05
              [,385]        [,386]       [,387]        [,388]        [,389]        [,390]
  [1,]  4.415806e-05  3.261593e-05 8.947370e-05  6.222101e-05  9.554420e-05  1.013483e-04
              [,391]        [,392]        [,393]        [,394]       [,395]        [,396]
  [1,]  4.949051e-05  1.104689e-04  3.409975e-05  7.061131e-05 1.629298e-05  7.521480e-05
              [,397]       [,398]        [,399]       [,400]        [,401]       [,402]
  [1,]  1.026508e-04 8.630755e-05  2.642280e-05 1.160457e-04  8.100915e-05 1.003512e-04
              [,403]        [,404]        [,405]        [,406]        [,407]        [,408]
  [1,]  4.997948e-06  5.073081e-05  2.242238e-05  6.569297e-05  2.901527e-05  3.672798e-05
              [,409]        [,410]        [,411]        [,412]        [,413]        [,414]
  [1,]  5.892793e-05  2.662907e-05  3.396196e-05  2.614010e-05  5.872880e-05  1.913848e-05
              [,415]        [,416]        [,417]        [,418]        [,419]        [,420]
  [1,]  1.064628e-05  3.245811e-05  5.041018e-05 -8.717806e-06  5.888323e-05  4.671980e-05
              [,421]        [,422]        [,423]        [,424]        [,425]        [,426]
  [1,]  3.738644e-05 -1.097274e-05  1.748853e-05 -2.092461e-05  1.014321e-04  4.064136e-05
              [,427]        [,428]        [,429]        [,430]       [,431]        [,432]
  [1,]  5.557934e-05  6.199806e-05  4.984232e-05  4.513736e-05 1.041487e-04  1.380552e-05
             [,433]        [,434]        [,435]        [,436]        [,437]       [,438]
  [1,] 5.722878e-05  5.752001e-05  2.747847e-05  7.962931e-05  3.983616e-05 3.775148e-05
              [,439]        [,440]        [,441]        [,442]        [,443]       [,444]
  [1,]  5.927578e-05  4.109200e-05  9.899151e-05  3.944733e-05  7.176868e-05 1.090050e-04
              [,445]       [,446]        [,447]        [,448]       [,449]        [,450]
  [1,]  6.744645e-05 1.248994e-04  6.700029e-05  8.858246e-05 3.646592e-05  9.760896e-05
              [,451]        [,452]        [,453]       [,454]        [,455]        [,456]
  [1,]  9.748252e-05  8.631988e-05  5.987081e-05 9.032100e-05  6.718102e-05  8.355590e-05
              [,457]        [,458]        [,459]        [,460]        [,461]        [,462]
  [1,]  6.284750e-05  4.969304e-05  5.490681e-05 -8.509296e-06  2.715796e-05  6.363449e-05
              [,463]        [,464]        [,465]        [,466]        [,467]        [,468]
  [1,]  4.784700e-05  5.930791e-05  7.702188e-06  4.344740e-05  3.798468e-05  3.455492e-05
             [,469]        [,470]        [,471]        [,472]        [,473]        [,474]
  [1,] 7.183449e-05  7.684457e-07  4.787320e-05  6.006406e-05  2.713656e-05  6.756166e-05
              [,475]        [,476]        [,477]        [,478]        [,479]        [,480]
  [1,]  2.414708e-05  6.806661e-05  5.835705e-05  9.013580e-05  3.166961e-05 -1.618543e-05
              [,481]        [,482]        [,483]        [,484]        [,485]       [,486]
  [1,]  7.759404e-05  8.856166e-05  6.935270e-05  8.701787e-05  3.525720e-05 8.183164e-05
              [,487]        [,488]        [,489]        [,490]        [,491]        [,492]
  [1,]  5.527465e-05  3.486834e-05  6.851872e-05  2.024178e-05  9.250671e-05  7.247622e-05
             [,493]        [,494]        [,495]        [,496]        [,497]        [,498]
  [1,] 1.033410e-04  1.121684e-04  9.564810e-05  7.035475e-05  8.972685e-05  6.780867e-05
              [,499]        [,500]       [,501]        [,502]        [,503]        [,504]
  [1,]  7.895512e-05  9.131109e-05 9.141750e-05  2.470927e-05  8.729670e-05 -1.040629e-06
              [,505]        [,506]        [,507]        [,508]        [,509]        [,510]
  [1,]  9.129487e-05  8.194748e-05  1.266836e-05  2.884665e-05  9.228835e-05  5.347018e-05
              [,511]        [,512]        [,513]        [,514]        [,515]        [,516]
  [1,]  9.325448e-05  4.858048e-05  6.582631e-05  5.433205e-05  4.776014e-05  1.146109e-04
              [,517]        [,518]        [,519]        [,520]        [,521]        [,522]
  [1,]  3.675913e-05  4.321826e-05 -2.734912e-05  3.460411e-05  6.067805e-05  6.668495e-05
              [,523]        [,524]        [,525]        [,526]        [,527]        [,528]
  [1,]  7.305782e-05  4.509826e-05  3.965097e-05  6.605918e-05  9.380882e-05  5.290668e-05
              [,529]        [,530]       [,531]       [,532]        [,533]        [,534]
  [1,]  6.309666e-05  2.942139e-05 6.502428e-05 8.895593e-05  6.892872e-05  8.391646e-05
              [,535]        [,536]        [,537]        [,538]        [,539]        [,540]
  [1,]  6.518832e-05  9.048816e-05  4.007804e-05  5.358478e-05  3.019832e-05  4.522087e-05
              [,541]        [,542]        [,543]       [,544]        [,545]        [,546]
  [1,]  6.911394e-06  8.916933e-06  2.002527e-05 7.151994e-05  2.110798e-05  1.193269e-05
              [,547]       [,548]        [,549]       [,550]        [,551]        [,552]
  [1,]  9.536448e-06 3.598599e-05  5.877762e-05 5.161590e-05  2.018403e-05  4.040856e-05
              [,553]        [,554]        [,555]        [,556]        [,557]        [,558]
  [1,]  9.297993e-05  2.347480e-05  7.329876e-05  4.679627e-05  3.858561e-05  8.739061e-05
              [,559]        [,560]        [,561]        [,562]        [,563]        [,564]
  [1,]  4.687452e-05  5.184851e-05  9.346617e-05  5.359533e-05  3.550017e-05  1.002632e-04
              [,565]        [,566]        [,567]        [,568]        [,569]        [,570]
  [1,]  3.566584e-05  1.105210e-04  4.844730e-05  7.322829e-05  1.411140e-05  7.028169e-05
              [,571]        [,572]        [,573]        [,574]        [,575]        [,576]
  [1,]  2.740530e-05  3.496294e-05  8.219109e-05  2.645187e-05  9.695845e-05  5.926433e-05
             [,577]        [,578]        [,579]        [,580]       [,581]        [,582]
  [1,] 5.592161e-05  7.284054e-05  5.636874e-05  6.399638e-05 6.374743e-05  4.695193e-05
             [,583]        [,584]        [,585]       [,586]        [,587]        [,588]
  [1,] 2.350069e-05  1.211550e-04  2.101098e-05 7.126355e-05  6.018710e-05  6.924595e-05
              [,589]        [,590]        [,591]        [,592]        [,593]        [,594]
  [1,]  5.267339e-05  7.097747e-05  5.229643e-05  6.178457e-05  7.101321e-05  6.099692e-06
              [,595]
  [1,]  4.055715e-05
 [ reached getOption("max.print") -- omitted 594 rows ]

$covHi
              [,1]         [,2]         [,3]         [,4]         [,5]         [,6]
 [1,] 2.811116e-04 1.121843e-04 1.148434e-04 8.673103e-05 9.749435e-05 1.022590e-04
 [2,] 1.121843e-04 2.652391e-04 2.039513e-04 9.742788e-05 1.128103e-04 1.220814e-04
 [3,] 1.148434e-04 2.039513e-04 2.564316e-04 9.823092e-05 1.081401e-04 1.132144e-04
 [4,] 8.673103e-05 9.742788e-05 9.823092e-05 3.075639e-04 1.257921e-04 1.002063e-04
 [5,] 9.749435e-05 1.128103e-04 1.081401e-04 1.257921e-04 2.005414e-04 1.248220e-04
 [6,] 1.022590e-04 1.220814e-04 1.132144e-04 1.002063e-04 1.248220e-04 1.788176e-04
 [7,] 9.661840e-05 1.041116e-04 1.031930e-04 1.089683e-04 1.165599e-04 1.174532e-04
 [8,] 1.068863e-04 1.131208e-04 1.140466e-04 1.006967e-04 1.179705e-04 1.201778e-04
 [9,] 1.103224e-04 1.362193e-04 1.093984e-04 6.973060e-05 1.057927e-04 1.147160e-04
[10,] 1.110927e-04 9.688364e-05 8.333676e-05 2.294154e-04 1.193942e-04 1.019315e-04
[11,] 1.179034e-04 1.141238e-04 1.094094e-04 1.000603e-04 1.269632e-04 1.364165e-04
[12,] 1.095676e-04 1.671584e-04 1.585001e-04 8.926379e-05 1.117684e-04 1.194777e-04
[13,] 1.154019e-04 1.646183e-04 1.712503e-04 1.011145e-04 1.149677e-04 1.236340e-04
[14,] 9.093524e-05 1.310215e-04 1.153308e-04 8.332934e-05 1.121570e-04 1.269639e-04
[15,] 1.005978e-04 1.177868e-04 1.206002e-04 1.203458e-04 1.266811e-04 1.270773e-04
[16,] 8.351086e-05 6.264764e-05 7.358217e-05 2.435522e-04 1.039806e-04 8.010662e-05
[17,] 9.985284e-05 1.112440e-04 1.105119e-04 1.043784e-04 1.085167e-04 1.145239e-04
[18,] 1.109201e-04 1.330710e-04 1.189685e-04 1.281743e-04 1.406393e-04 1.411291e-04
[19,] 7.968591e-05 1.070898e-04 1.089955e-04 8.509869e-05 1.007733e-04 1.092010e-04
[20,] 8.735472e-05 1.035403e-04 9.821118e-05 9.562081e-05 1.070390e-04 1.114718e-04
[21,] 9.397563e-05 1.109788e-04 9.718173e-05 9.177418e-05 1.086328e-04 1.171614e-04
[22,] 1.059464e-04 1.125722e-04 1.136255e-04 9.601229e-05 1.141545e-04 1.175245e-04
[23,] 7.408944e-05 1.182951e-04 1.086060e-04 7.786850e-05 1.267866e-04 1.266999e-04
[24,] 1.008702e-04 1.194379e-04 1.121105e-04 1.046975e-04 1.172776e-04 1.200086e-04
[25,] 9.161455e-05 1.094289e-04 1.062819e-04 1.096676e-04 1.127178e-04 1.130350e-04
[26,] 1.092870e-04 1.079880e-04 1.022578e-04 1.031485e-04 1.186977e-04 1.176223e-04
[27,] 1.031100e-04 1.091766e-04 1.044656e-04 1.022221e-04 1.133134e-04 1.200569e-04
[28,] 1.033717e-04 1.135393e-04 1.086100e-04 1.003937e-04 1.235506e-04 1.200716e-04
              [,7]         [,8]         [,9]        [,10]        [,11]        [,12]
 [1,] 9.661840e-05 1.068863e-04 1.103224e-04 1.110927e-04 1.179034e-04 1.095676e-04
 [2,] 1.041116e-04 1.131208e-04 1.362193e-04 9.688364e-05 1.141238e-04 1.671584e-04
 [3,] 1.031930e-04 1.140466e-04 1.093984e-04 8.333676e-05 1.094094e-04 1.585001e-04
 [4,] 1.089683e-04 1.006967e-04 6.973060e-05 2.294154e-04 1.000603e-04 8.926379e-05
 [5,] 1.165599e-04 1.179705e-04 1.057927e-04 1.193942e-04 1.269632e-04 1.117684e-04
 [6,] 1.174532e-04 1.201778e-04 1.147160e-04 1.019315e-04 1.364165e-04 1.194777e-04
 [7,] 2.196728e-04 1.419356e-04 1.013152e-04 9.888131e-05 1.184594e-04 1.162979e-04
 [8,] 1.419356e-04 1.805380e-04 1.039317e-04 9.560049e-05 1.168331e-04 1.271755e-04
 [9,] 1.013152e-04 1.039317e-04 3.193136e-04 7.772410e-05 1.111737e-04 1.147123e-04
[10,] 9.888131e-05 9.560049e-05 7.772410e-05 3.295817e-04 9.480154e-05 9.012398e-05
[11,] 1.184594e-04 1.168331e-04 1.111737e-04 9.480154e-05 1.963017e-04 1.205945e-04
[12,] 1.162979e-04 1.271755e-04 1.147123e-04 9.012398e-05 1.205945e-04 2.546938e-04
[13,] 1.127803e-04 1.216248e-04 1.214188e-04 9.121504e-05 1.243847e-04 1.814609e-04
[14,] 1.208443e-04 1.181930e-04 1.095608e-04 8.131960e-05 1.184224e-04 1.282792e-04
[15,] 1.169904e-04 1.144813e-04 9.846867e-05 1.104521e-04 1.220510e-04 1.145259e-04
[16,] 8.754657e-05 8.725389e-05 3.783823e-05 2.365879e-04 8.259503e-05 6.205443e-05
[17,] 1.231844e-04 1.242878e-04 1.019303e-04 9.444324e-05 1.149427e-04 1.124049e-04
[18,] 1.227117e-04 1.223099e-04 1.125916e-04 1.321050e-04 1.457800e-04 1.303636e-04
[19,] 1.256417e-04 1.214701e-04 8.571526e-05 7.225145e-05 1.014543e-04 1.076023e-04
[20,] 1.390388e-04 1.318715e-04 9.723160e-05 8.964136e-05 1.106578e-04 1.086636e-04
[21,] 1.217011e-04 1.223963e-04 8.933697e-05 8.711637e-05 1.097557e-04 1.177701e-04
[22,] 1.166554e-04 1.181461e-04 9.708628e-05 9.877682e-05 1.259294e-04 1.136925e-04
[23,] 1.046203e-04 1.053618e-04 8.854900e-05 8.384142e-05 1.262412e-04 1.117964e-04
[24,] 1.368966e-04 1.265724e-04 1.154842e-04 9.633515e-05 1.175249e-04 1.232781e-04
[25,] 1.416005e-04 1.269382e-04 9.229805e-05 1.053925e-04 1.108003e-04 1.181021e-04
[26,] 1.664799e-04 1.387385e-04 9.934079e-05 9.559664e-05 1.153791e-04 1.143230e-04
[27,] 1.178155e-04 1.126101e-04 8.963475e-05 1.020503e-04 1.202257e-04 1.150840e-04
[28,] 1.601689e-04 1.403090e-04 9.812475e-05 9.663319e-05 1.264359e-04 1.237577e-04
             [,13]        [,14]        [,15]        [,16]        [,17]        [,18]
 [1,] 1.154019e-04 9.093524e-05 1.005978e-04 8.351086e-05 9.985284e-05 1.109201e-04
 [2,] 1.646183e-04 1.310215e-04 1.177868e-04 6.264764e-05 1.112440e-04 1.330710e-04
 [3,] 1.712503e-04 1.153308e-04 1.206002e-04 7.358217e-05 1.105119e-04 1.189685e-04
 [4,] 1.011145e-04 8.332934e-05 1.203458e-04 2.435522e-04 1.043784e-04 1.281743e-04
 [5,] 1.149677e-04 1.121570e-04 1.266811e-04 1.039806e-04 1.085167e-04 1.406393e-04
 [6,] 1.236340e-04 1.269639e-04 1.270773e-04 8.010662e-05 1.145239e-04 1.411291e-04
 [7,] 1.127803e-04 1.208443e-04 1.169904e-04 8.754657e-05 1.231844e-04 1.227117e-04
 [8,] 1.216248e-04 1.181930e-04 1.144813e-04 8.725389e-05 1.242878e-04 1.223099e-04
 [9,] 1.214188e-04 1.095608e-04 9.846867e-05 3.783823e-05 1.019303e-04 1.125916e-04
[10,] 9.121504e-05 8.131960e-05 1.104521e-04 2.365879e-04 9.444324e-05 1.321050e-04
[11,] 1.243847e-04 1.184224e-04 1.220510e-04 8.259503e-05 1.149427e-04 1.457800e-04
[12,] 1.814609e-04 1.282792e-04 1.145259e-04 6.205443e-05 1.124049e-04 1.303636e-04
[13,] 2.216910e-04 1.179860e-04 1.180210e-04 7.576217e-05 1.171710e-04 1.312657e-04
[14,] 1.179860e-04 2.922235e-04 1.192730e-04 5.501520e-05 1.158910e-04 1.252808e-04
[15,] 1.180210e-04 1.192730e-04 1.912240e-04 9.782068e-05 1.143398e-04 1.562211e-04
[16,] 7.576217e-05 5.501520e-05 9.782068e-05 3.913617e-04 9.075109e-05 9.480163e-05
[17,] 1.171710e-04 1.158910e-04 1.143398e-04 9.075109e-05 1.562785e-04 1.207198e-04
[18,] 1.312657e-04 1.252808e-04 1.562211e-04 9.480163e-05 1.207198e-04 2.680732e-04
[19,] 1.119797e-04 1.114386e-04 1.000407e-04 8.416702e-05 1.113495e-04 1.035585e-04
[20,] 1.035882e-04 1.112471e-04 1.061057e-04 8.407887e-05 1.182321e-04 1.146413e-04
[21,] 1.080790e-04 1.931471e-04 1.089412e-04 7.043343e-05 1.144267e-04 1.192137e-04
[22,] 1.189331e-04 1.054067e-04 1.146602e-04 9.086327e-05 1.186336e-04 1.283691e-04
[23,] 1.219695e-04 1.274456e-04 1.247445e-04 5.083815e-05 1.032438e-04 1.542629e-04
[24,] 1.238842e-04 1.419650e-04 1.175439e-04 7.922045e-05 1.214962e-04 1.303306e-04
[25,] 1.140848e-04 1.162428e-04 1.122345e-04 1.007974e-04 1.182489e-04 1.204349e-04
[26,] 1.132517e-04 1.212136e-04 1.146192e-04 8.095729e-05 1.245952e-04 1.220986e-04
[27,] 1.117062e-04 1.078280e-04 1.155079e-04 9.059502e-05 1.127549e-04 1.260228e-04
[28,] 1.192491e-04 1.194010e-04 1.198527e-04 8.262802e-05 1.303943e-04 1.294650e-04
             [,19]        [,20]        [,21]        [,22]        [,23]        [,24]
 [1,] 7.968591e-05 8.735472e-05 9.397563e-05 1.059464e-04 7.408944e-05 1.008702e-04
 [2,] 1.070898e-04 1.035403e-04 1.109788e-04 1.125722e-04 1.182951e-04 1.194379e-04
 [3,] 1.089955e-04 9.821118e-05 9.718173e-05 1.136255e-04 1.086060e-04 1.121105e-04
 [4,] 8.509869e-05 9.562081e-05 9.177418e-05 9.601229e-05 7.786850e-05 1.046975e-04
 [5,] 1.007733e-04 1.070390e-04 1.086328e-04 1.141545e-04 1.267866e-04 1.172776e-04
 [6,] 1.092010e-04 1.114718e-04 1.171614e-04 1.175245e-04 1.266999e-04 1.200086e-04
 [7,] 1.256417e-04 1.390388e-04 1.217011e-04 1.166554e-04 1.046203e-04 1.368966e-04
 [8,] 1.214701e-04 1.318715e-04 1.223963e-04 1.181461e-04 1.053618e-04 1.265724e-04
 [9,] 8.571526e-05 9.723160e-05 8.933697e-05 9.708628e-05 8.854900e-05 1.154842e-04
[10,] 7.225145e-05 8.964136e-05 8.711637e-05 9.877682e-05 8.384142e-05 9.633515e-05
[11,] 1.014543e-04 1.106578e-04 1.097557e-04 1.259294e-04 1.262412e-04 1.175249e-04
[12,] 1.076023e-04 1.086636e-04 1.177701e-04 1.136925e-04 1.117964e-04 1.232781e-04
[13,] 1.119797e-04 1.035882e-04 1.080790e-04 1.189331e-04 1.219695e-04 1.238842e-04
[14,] 1.114386e-04 1.112471e-04 1.931471e-04 1.054067e-04 1.274456e-04 1.419650e-04
[15,] 1.000407e-04 1.061057e-04 1.089412e-04 1.146602e-04 1.247445e-04 1.175439e-04
[16,] 8.416702e-05 8.407887e-05 7.043343e-05 9.086327e-05 5.083815e-05 7.922045e-05
[17,] 1.113495e-04 1.182321e-04 1.144267e-04 1.186336e-04 1.032438e-04 1.214962e-04
[18,] 1.035585e-04 1.146413e-04 1.192137e-04 1.283691e-04 1.542629e-04 1.303306e-04
[19,] 3.326374e-04 1.321472e-04 1.167185e-04 1.145866e-04 9.524444e-05 1.127983e-04
[20,] 1.321472e-04 2.162559e-04 1.145914e-04 1.167580e-04 8.922481e-05 1.233573e-04
[21,] 1.167185e-04 1.145914e-04 2.437069e-04 1.106940e-04 1.158064e-04 1.407680e-04
[22,] 1.145866e-04 1.167580e-04 1.106940e-04 1.704523e-04 1.233040e-04 1.165201e-04
[23,] 9.524444e-05 8.922481e-05 1.158064e-04 1.233040e-04 3.314476e-04 1.203708e-04
[24,] 1.127983e-04 1.233573e-04 1.407680e-04 1.165201e-04 1.203708e-04 2.124992e-04
[25,] 1.465137e-04 1.340892e-04 1.209613e-04 1.196961e-04 1.138984e-04 1.295792e-04
[26,] 1.287525e-04 1.303576e-04 1.166386e-04 1.157934e-04 1.069925e-04 1.381499e-04
[27,] 1.132382e-04 1.132124e-04 1.101039e-04 1.228900e-04 1.144411e-04 1.132066e-04
[28,] 1.208429e-04 1.299590e-04 1.203914e-04 1.232853e-04 1.152739e-04 1.399681e-04
             [,25]        [,26]        [,27]        [,28]        [,29]        [,30]
 [1,] 9.161455e-05 1.092870e-04 1.031100e-04 1.033717e-04 9.076519e-05 1.014235e-04
 [2,] 1.094289e-04 1.079880e-04 1.091766e-04 1.135393e-04 1.055991e-04 1.167393e-04
 [3,] 1.062819e-04 1.022578e-04 1.044656e-04 1.086100e-04 9.255442e-05 1.125867e-04
 [4,] 1.096676e-04 1.031485e-04 1.022221e-04 1.003937e-04 8.358421e-05 1.094090e-04
 [5,] 1.127178e-04 1.186977e-04 1.133134e-04 1.235506e-04 1.050458e-04 1.115746e-04
 [6,] 1.130350e-04 1.176223e-04 1.200569e-04 1.200716e-04 1.121903e-04 1.140877e-04
 [7,] 1.416005e-04 1.664799e-04 1.178155e-04 1.601689e-04 9.447062e-05 1.345344e-04
 [8,] 1.269382e-04 1.387385e-04 1.126101e-04 1.403090e-04 1.022737e-04 1.233860e-04
 [9,] 9.229805e-05 9.934079e-05 8.963475e-05 9.812475e-05 9.962438e-05 9.559466e-05
[10,] 1.053925e-04 9.559664e-05 1.020503e-04 9.663319e-05 7.892326e-05 1.194249e-04
[11,] 1.108003e-04 1.153791e-04 1.202257e-04 1.264359e-04 1.081379e-04 1.136022e-04
[12,] 1.181021e-04 1.143230e-04 1.150840e-04 1.237577e-04 1.096640e-04 1.229374e-04
[13,] 1.140848e-04 1.132517e-04 1.117062e-04 1.192491e-04 1.005037e-04 1.190344e-04
[14,] 1.162428e-04 1.212136e-04 1.078280e-04 1.194010e-04 1.207750e-04 1.105718e-04
[15,] 1.122345e-04 1.146192e-04 1.155079e-04 1.198527e-04 1.073847e-04 1.139915e-04
[16,] 1.007974e-04 8.095729e-05 9.059502e-05 8.262802e-05 6.191066e-05 1.103482e-04
[17,] 1.182489e-04 1.245952e-04 1.127549e-04 1.303943e-04 1.016759e-04 1.148813e-04
[18,] 1.204349e-04 1.220986e-04 1.260228e-04 1.294650e-04 1.179418e-04 1.187369e-04
[19,] 1.465137e-04 1.287525e-04 1.132382e-04 1.208429e-04 7.488168e-05 1.468577e-04
[20,] 1.340892e-04 1.303576e-04 1.132124e-04 1.299590e-04 9.586499e-05 1.293452e-04
[21,] 1.209613e-04 1.166386e-04 1.101039e-04 1.203914e-04 1.151743e-04 1.048484e-04
[22,] 1.196961e-04 1.157934e-04 1.228900e-04 1.232853e-04 1.022103e-04 1.233250e-04
[23,] 1.138984e-04 1.069925e-04 1.144411e-04 1.152739e-04 1.108371e-04 9.824109e-05
[24,] 1.295792e-04 1.381499e-04 1.132066e-04 1.399681e-04 1.068908e-04 1.145490e-04
[25,] 2.819056e-04 1.437368e-04 1.179799e-04 1.351902e-04 9.825437e-05 1.790653e-04
[26,] 1.437368e-04 2.475229e-04 1.176238e-04 1.636843e-04 9.330351e-05 1.368013e-04
[27,] 1.179799e-04 1.176238e-04 1.698317e-04 1.258962e-04 1.018266e-04 1.229924e-04
[28,] 1.351902e-04 1.636843e-04 1.258962e-04 2.575568e-04 1.054739e-04 1.341815e-04
             [,31]        [,32]        [,33]        [,34]        [,35]
 [1,] 9.989330e-05 1.033213e-04 6.960824e-05 9.483822e-05 7.385809e-05
 [2,] 1.122103e-04 1.085354e-04 9.029508e-05 1.118521e-04 8.916079e-05
 [3,] 1.092691e-04 1.052719e-04 7.577052e-05 1.033060e-04 7.551391e-05
 [4,] 1.027084e-04 1.006132e-04 5.794913e-05 1.004294e-04 6.087686e-05
 [5,] 1.184215e-04 1.158130e-04 8.827690e-05 1.133353e-04 9.166856e-05
 [6,] 1.210629e-04 1.162196e-04 9.814247e-05 1.209690e-04 9.952287e-05
 [7,] 1.168122e-04 1.375041e-04 1.082821e-04 1.041133e-04 1.058724e-04
 [8,] 1.190634e-04 1.238258e-04 1.066256e-04 1.074031e-04 1.089104e-04
 [9,] 1.023683e-04 9.451958e-05 7.603265e-05 9.988154e-05 7.732511e-05
[10,] 1.031509e-04 1.014339e-04 5.852808e-05 9.263797e-05 5.452901e-05
[11,] 1.252858e-04 1.222366e-04 8.965953e-05 1.171800e-04 8.795314e-05
[12,] 1.171807e-04 1.112713e-04 1.019315e-04 1.126780e-04 1.004183e-04
[13,] 1.192430e-04 1.126208e-04 9.130399e-05 1.111876e-04 9.290890e-05
[14,] 1.099644e-04 1.187624e-04 1.628085e-04 1.310115e-04 1.607487e-04
[15,] 1.199092e-04 1.187839e-04 9.430567e-05 1.183873e-04 9.794681e-05
[16,] 8.808514e-05 9.553565e-05 4.283565e-05 6.941039e-05 4.402616e-05
[17,] 1.196719e-04 1.174516e-04 9.210259e-05 1.050800e-04 9.672928e-05
[18,] 1.312033e-04 1.331360e-04 9.456399e-05 1.275280e-04 9.992588e-05
[19,] 1.060982e-04 1.260790e-04 1.060694e-04 7.750406e-05 1.063105e-04
[20,] 1.116640e-04 1.317546e-04 1.150639e-04 9.608992e-05 1.060763e-04
[21,] 1.126701e-04 1.200838e-04 1.474838e-04 1.225824e-04 1.519271e-04
[22,] 1.231298e-04 1.261591e-04 9.320543e-05 1.068021e-04 9.247293e-05
[23,] 1.213305e-04 1.076537e-04 1.007744e-04 1.098909e-04 9.685073e-05
[24,] 1.239049e-04 1.329485e-04 1.108429e-04 1.182839e-04 1.087825e-04
[25,] 1.181210e-04 1.606858e-04 1.083439e-04 1.041083e-04 9.948481e-05
[26,] 1.182376e-04 1.324496e-04 1.030883e-04 1.025662e-04 1.028756e-04
[27,] 1.242909e-04 1.217864e-04 9.138908e-05 1.065017e-04 9.228783e-05
[28,] 1.251944e-04 1.542373e-04 1.052242e-04 1.058328e-04 1.046364e-04
 [ reached getOption("max.print") -- omitted 7 rows ]

$covH
             [,1]
[1,] 0.0001178912

