      ItemH #ac #vi #vi/#ac maxvi  sum sum/#ac zmax #zsig crit
r30e   0.39 144   0    0.00  0.00 0.00  0.0000 0.00     0    0
r47i   0.39 137   1    0.01  0.03 0.03  0.0003 0.71     0    6
r51i   0.41 136   0    0.00  0.00 0.00  0.0000 0.00     0    0
a7i    0.34 144   1    0.01  0.06 0.06  0.0004 1.10     0   14
a1i    0.47 121   0    0.00  0.00 0.00  0.0000 0.00     0    0
a67i   0.49 115   0    0.00  0.00 0.00  0.0000 0.00     0    0
e76m   0.45 136   1    0.01  0.06 0.06  0.0004 0.89     0    7
e98m   0.49 128   0    0.00  0.00 0.00  0.0000 0.00     0    0
r56i   0.35 144   0    0.00  0.00 0.00  0.0000 0.00     0    0
a22i   0.30 144   1    0.01  0.05 0.05  0.0003 0.60     0   11
a69i   0.48 124   0    0.00  0.00 0.00  0.0000 0.00     0    0
r50i   0.42 144   0    0.00  0.00 0.00  0.0000 0.00     0    0
r52i   0.45 138   0    0.00  0.00 0.00  0.0000 0.00     0    0
e86a   0.42 110   0    0.00  0.00 0.00  0.0000 0.00     0    0
a28i   0.48 122   0    0.00  0.00 0.00  0.0000 0.00     0    0
a131   0.28 144   2    0.01  0.04 0.07  0.0005 0.50     0   13
e100a  0.52 108   0    0.00  0.00 0.00  0.0000 0.00     0    0
a11i   0.42 136   0    0.00  0.00 0.00  0.0000 0.00     0    0
e91f   0.35 144   1    0.01  0.07 0.07  0.0005 0.93     0   13
a26ee  0.45 144   2    0.01  0.03 0.07  0.0005 0.80     0    5
e88a   0.44 100   0    0.00  0.00 0.00  0.0000 0.00     0    0
r66i   0.51 115   1    0.01  0.03 0.03  0.0003 1.08     0    2
a2i    0.38 137   0    0.00  0.00 0.00  0.0000 0.00     0    0
e80a   0.47 129   0    0.00  0.00 0.00  0.0000 0.00     0    0
e93s   0.43 144   1    0.01  0.07 0.07  0.0005 1.03     0   10
e77m   0.43 144   0    0.00  0.00 0.00  0.0000 0.00     0    0
r62i   0.51 117   1    0.01  0.04 0.04  0.0003 1.50     0    4
e82m   0.42 144   0    0.00  0.00 0.00  0.0000 0.00     0    0
r61i   0.39 111   2    0.02  0.04 0.07  0.0007 0.79     0   10
e85s   0.47 113   0    0.00  0.00 0.00  0.0000 0.00     0    0
a68i   0.52 115   0    0.00  0.00 0.00  0.0000 0.00     0    0
e102m  0.39 144   2    0.01  0.05 0.10  0.0007 1.62     0   15
a74ee  0.35 123   2    0.02  0.07 0.13  0.0010 1.24     0   18
r54i   0.42 128   0    0.00  0.00 0.00  0.0000 0.00     0    0
a72ee  0.34 115   2    0.02  0.07 0.14  0.0012 0.99     0   18
