$results
$results[[1]]
$results[[1]][[1]]
[1] "r30e"

$results[[1]][[2]]
      Group Lo Score Hi Score   N F 0 F 1 F 2 F 3 F 4     Mean  P(X >=1)  P(X >=2)   P(X >=3)
 [1,]     1        7       44 113  67  21  18   6   1 0.699115 0.4070796 0.2212389 0.06194690
 [2,]     2       45       56 118  32  42  35   6   3 1.203390 0.7288136 0.3728814 0.07627119
 [3,]     3       57       65 113  30  34  37  11   1 1.283186 0.7345133 0.4336283 0.10619469
 [4,]     4       66       74 118  26  39  38  13   2 1.372881 0.7796610 0.4491525 0.12711864
 [5,]     5       75       83 122  17  23  53  21   8 1.836066 0.8606557 0.6721311 0.23770492
 [6,]     6       84       93 120  12  22  49  30   7 1.983333 0.9000000 0.7166667 0.30833333
 [7,]     7       94      102 113   4  17  45  25  22 2.389381 0.9646018 0.8141593 0.41592920
 [8,]     8      103      112 123   3  15  44  36  25 2.528455 0.9756098 0.8536585 0.49593496
 [9,]     9      113      136 184   5  12  59  46  62 2.804348 0.9728261 0.9076087 0.58695652
         P(X >=4)
 [1,] 0.008849558
 [2,] 0.025423729
 [3,] 0.008849558
 [4,] 0.016949153
 [5,] 0.065573770
 [6,] 0.058333333
 [7,] 0.194690265
 [8,] 0.203252033
 [9,] 0.336956522

$results[[1]][[3]]
         #ac #vi #vi/#ac maxvi sum sum/#ac zmax group group #zsig
P(X >=1)  36   0       0     0   0       0    0     0     0     0
P(X >=2)  36   0       0     0   0       0    0     0     0     0
P(X >=3)  36   0       0     0   0       0    0     0     0     0
P(X >=4)  36   0       0     0   0       0    0     0     0     0
Total    144   0       0     0   0       0    0     0     0     0

$results[[1]][[4]]
[1] "Minsize = 112 Minvi = 0.03"


$results[[2]]
$results[[2]][[1]]
[1] "r47i"

$results[[2]][[2]]
      Group Lo Score Hi Score   N F 0 F 1 F 2 F 3 F 4     Mean  P(X >=1)  P(X >=2)  P(X >=3)
 [1,]     1        7       44 114  33  36  31   7   7 1.289474 0.7105263 0.3947368 0.1228070
 [2,]     2       45       55 113  18  28  38  23   6 1.743363 0.8407080 0.5929204 0.2566372
 [3,]     3       56       64 117  11  24  40  32  10 2.051282 0.9059829 0.7008547 0.3589744
 [4,]     4       65       73 117   8  24  38  36  11 2.153846 0.9316239 0.7264957 0.4017094
 [5,]     5       74       82 115   9  21  28  30  27 2.391304 0.9217391 0.7391304 0.4956522
 [6,]     6       83       91 112   9  11  26  41  25 2.553571 0.9196429 0.8214286 0.5892857
 [7,]     7       92      101 118   2   6  22  45  43 3.025424 0.9830508 0.9322034 0.7457627
 [8,]     8      102      110 117   0  12  18  32  55 3.111111 1.0000000 0.8974359 0.7435897
 [9,]     9      111      136 201   1   2  25  32 141 3.542289 0.9950249 0.9850746 0.8606965
        P(X >=4)
 [1,] 0.06140351
 [2,] 0.05309735
 [3,] 0.08547009
 [4,] 0.09401709
 [5,] 0.23478261
 [6,] 0.22321429
 [7,] 0.36440678
 [8,] 0.47008547
 [9,] 0.70149254

$results[[2]][[3]]
         #ac #vi    #vi/#ac      maxvi        sum      sum/#ac      zmax group group #zsig
P(X >=1)  29   0 0.00000000 0.00000000 0.00000000 0.0000000000 0.0000000     0     0     0
P(X >=2)  36   1 0.02777778 0.03476749 0.03476749 0.0009657637 0.7118903     7     8     0
P(X >=3)  36   0 0.00000000 0.00000000 0.00000000 0.0000000000 0.0000000     0     0     0
P(X >=4)  36   0 0.00000000 0.00000000 0.00000000 0.0000000000 0.0000000     0     0     0
Total    137   1 0.00729927 0.03476749 0.03476749 0.0002537773 0.7118903     0     0     0

$results[[2]][[4]]
[1] "Minsize = 112 Minvi = 0.03"


$results[[3]]
$results[[3]][[1]]
[1] "r51i"

$results[[3]][[2]]
      Group Lo Score Hi Score   N F 0 F 1 F 2 F 3 F 4     Mean  P(X >=1)  P(X >=2)  P(X >=3)
 [1,]     1        7       44 115  30  40  30   8   7 1.321739 0.7391304 0.3913043 0.1304348
 [2,]     2       45       56 127  18  39  38  24   8 1.724409 0.8582677 0.5511811 0.2519685
 [3,]     3       57       65 118  15  23  39  32   9 1.974576 0.8728814 0.6779661 0.3474576
 [4,]     4       66       74 115   3  19  45  40   8 2.269565 0.9739130 0.8086957 0.4173913
 [5,]     5       75       83 123   6  16  32  40  29 2.569106 0.9512195 0.8211382 0.5609756
 [6,]     6       84       93 114   2  11  28  42  31 2.780702 0.9824561 0.8859649 0.6403509
 [7,]     7       94      102 113   1   8  16  40  48 3.115044 0.9911504 0.9203540 0.7787611
 [8,]     8      103      111 114   1   4  22  32  55 3.192982 0.9912281 0.9561404 0.7631579
 [9,]     9      112      136 185   0   2  22  35 126 3.540541 1.0000000 0.9891892 0.8702703
        P(X >=4)
 [1,] 0.06086957
 [2,] 0.06299213
 [3,] 0.07627119
 [4,] 0.06956522
 [5,] 0.23577236
 [6,] 0.27192982
 [7,] 0.42477876
 [8,] 0.48245614
 [9,] 0.68108108

$results[[3]][[3]]
         #ac #vi #vi/#ac maxvi sum sum/#ac zmax group group #zsig
P(X >=1)  28   0       0     0   0       0    0     0     0     0
P(X >=2)  36   0       0     0   0       0    0     0     0     0
P(X >=3)  36   0       0     0   0       0    0     0     0     0
P(X >=4)  36   0       0     0   0       0    0     0     0     0
Total    136   0       0     0   0       0    0     0     0     0

$results[[3]][[4]]
[1] "Minsize = 112 Minvi = 0.03"


$results[[4]]
$results[[4]][[1]]
[1] "a7i"

$results[[4]][[2]]
      Group Lo Score Hi Score   N F 0 F 1 F 2 F 3 F 4     Mean  P(X >=1)  P(X >=2)  P(X >=3)
 [1,]     1        7       45 121  61  19  18  14   9 1.099174 0.4958678 0.3388430 0.1900826
 [2,]     2       46       56 119  38  24  25  22  10 1.512605 0.6806723 0.4789916 0.2689076
 [3,]     3       57       65 119  29  22  23  23  22 1.890756 0.7563025 0.5714286 0.3781513
 [4,]     4       66       74 113  26  15  23  35  14 1.964602 0.7699115 0.6371681 0.4336283
 [5,]     5       75       83 124  22  19  28  32  23 2.120968 0.8225806 0.6693548 0.4435484
 [6,]     6       84       94 120  16   9  17  50  28 2.541667 0.8666667 0.7916667 0.6500000
 [7,]     7       95      103 120   9  14  10  50  37 2.766667 0.9250000 0.8083333 0.7250000
 [8,]     8      104      113 123   6   8  16  42  51 3.008130 0.9512195 0.8861789 0.7560976
 [9,]     9      114      136 165   5   0  17  46  97 3.393939 0.9696970 0.9696970 0.8666667
        P(X >=4)
 [1,] 0.07438017
 [2,] 0.08403361
 [3,] 0.18487395
 [4,] 0.12389381
 [5,] 0.18548387
 [6,] 0.23333333
 [7,] 0.30833333
 [8,] 0.41463415
 [9,] 0.58787879

$results[[4]][[3]]
         #ac #vi     #vi/#ac      maxvi        sum      sum/#ac     zmax group group #zsig
P(X >=1)  36   0 0.000000000 0.00000000 0.00000000 0.0000000000 0.000000     0     0     0
P(X >=2)  36   0 0.000000000 0.00000000 0.00000000 0.0000000000 0.000000     0     0     0
P(X >=3)  36   0 0.000000000 0.00000000 0.00000000 0.0000000000 0.000000     0     0     0
P(X >=4)  36   1 0.027777778 0.06098014 0.06098014 0.0016938929 1.095946     3     4     0
Total    144   1 0.006944444 0.06098014 0.06098014 0.0004234732 1.095946     0     0     0

$results[[4]][[4]]
[1] "Minsize = 112 Minvi = 0.03"


$results[[5]]
$results[[5]][[1]]
[1] "a1i"

$results[[5]][[2]]
      Group Lo Score Hi Score   N F 0 F 1 F 2 F 3 F 4      Mean  P(X >=1)  P(X >=2)   P(X >=3)
 [1,]     1        7       44 117  57  32  17   7   4 0.8803419 0.5128205 0.2393162 0.09401709
 [2,]     2       45       56 116  27  26  44  15   4 1.5086207 0.7672414 0.5431034 0.16379310
 [3,]     3       57       65 123  21  33  43  19   7 1.6585366 0.8292683 0.5609756 0.21138211
 [4,]     4       66       74 123   7  17  54  29  16 2.2439024 0.9430894 0.8048780 0.36585366
 [5,]     5       75       83 123   4  14  38  40  27 2.5853659 0.9674797 0.8536585 0.54471545
 [6,]     6       84       94 118   3   6  25  48  36 2.9152542 0.9745763 0.9237288 0.71186441
 [7,]     7       95      103 121   5   7  15  48  46 3.0165289 0.9586777 0.9008264 0.77685950
 [8,]     8      104      112 114   0   4  15  27  68 3.3947368 1.0000000 0.9649123 0.83333333
 [9,]     9      113      136 169   0   0   3  27 139 3.8047337 1.0000000 1.0000000 0.98224852
        P(X >=4)
 [1,] 0.03418803
 [2,] 0.03448276
 [3,] 0.05691057
 [4,] 0.13008130
 [5,] 0.21951220
 [6,] 0.30508475
 [7,] 0.38016529
 [8,] 0.59649123
 [9,] 0.82248521

$results[[5]][[3]]
         #ac #vi #vi/#ac maxvi sum sum/#ac zmax group group #zsig
P(X >=1)  21   0       0     0   0       0    0     0     0     0
P(X >=2)  28   0       0     0   0       0    0     0     0     0
P(X >=3)  36   0       0     0   0       0    0     0     0     0
P(X >=4)  36   0       0     0   0       0    0     0     0     0
Total    121   0       0     0   0       0    0     0     0     0

$results[[5]][[4]]
[1] "Minsize = 112 Minvi = 0.03"


$results[[6]]
$results[[6]][[1]]
[1] "a67i"

$results[[6]][[2]]
      Group Lo Score Hi Score   N F 0 F 1 F 2 F 3 F 4      Mean  P(X >=1)  P(X >=2)   P(X >=3)
 [1,]     1        7       44 117  50  41  17   8   1 0.8803419 0.5726496 0.2222222 0.07692308
 [2,]     2       45       56 123  21  40  44  15   3 1.5040650 0.8292683 0.5040650 0.14634146
 [3,]     3       57       65 115   9  38  33  26   9 1.8956522 0.9217391 0.5913043 0.30434783
 [4,]     4       66       74 122   7  25  47  30  13 2.1393443 0.9426230 0.7377049 0.35245902
 [5,]     5       75       83 121   5   9  39  49  19 2.5619835 0.9586777 0.8842975 0.56198347
 [6,]     6       84       93 113   1   7  30  48  27 2.8230088 0.9911504 0.9292035 0.66371681
 [7,]     7       94      102 117   0   3  19  50  45 3.1709402 1.0000000 0.9743590 0.81196581
 [8,]     8      103      111 114   0   2  13  45  54 3.3245614 1.0000000 0.9824561 0.86842105
 [9,]     9      112      136 182   0   0   7  28 147 3.7692308 1.0000000 1.0000000 0.96153846
         P(X >=4)
 [1,] 0.008547009
 [2,] 0.024390244
 [3,] 0.078260870
 [4,] 0.106557377
 [5,] 0.157024793
 [6,] 0.238938053
 [7,] 0.384615385
 [8,] 0.473684211
 [9,] 0.807692308

$results[[6]][[3]]
         #ac #vi #vi/#ac maxvi sum sum/#ac zmax group group #zsig
P(X >=1)  15   0       0     0   0       0    0     0     0     0
P(X >=2)  28   0       0     0   0       0    0     0     0     0
P(X >=3)  36   0       0     0   0       0    0     0     0     0
P(X >=4)  36   0       0     0   0       0    0     0     0     0
Total    115   0       0     0   0       0    0     0     0     0

$results[[6]][[4]]
[1] "Minsize = 112 Minvi = 0.03"


$results[[7]]
$results[[7]][[1]]
[1] "e76m"

$results[[7]][[2]]
      Group Lo Score Hi Score   N F 0 F 1 F 2 F 3 F 4      Mean  P(X >=1)  P(X >=2)   P(X >=3)
 [1,]     1        7       45 119  70  28  17   2   2 0.6386555 0.4117647 0.1764706 0.03361345
 [2,]     2       46       56 115  43  28  27  11   6 1.2086957 0.6260870 0.3826087 0.14782609
 [3,]     3       57       65 118  32  31  37  12   6 1.3983051 0.7288136 0.4661017 0.15254237
 [4,]     4       66       74 121  22  34  31  22  12 1.7355372 0.8181818 0.5371901 0.28099174
 [5,]     5       75       83 115   9  17  39  29  21 2.3130435 0.9217391 0.7739130 0.43478261
 [6,]     6       84       93 119  12  22  31  28  26 2.2857143 0.8991597 0.7142857 0.45378151
 [7,]     7       94      102 115   5  18  29  31  32 2.5826087 0.9565217 0.8000000 0.54782609
 [8,]     8      103      111 114   3   5  26  35  45 3.0000000 0.9736842 0.9298246 0.70175439
 [9,]     9      112      136 188   0   3   7  41 137 3.6595745 1.0000000 0.9840426 0.94680851
        P(X >=4)
 [1,] 0.01680672
 [2,] 0.05217391
 [3,] 0.05084746
 [4,] 0.09917355
 [5,] 0.18260870
 [6,] 0.21848739
 [7,] 0.27826087
 [8,] 0.39473684
 [9,] 0.72872340

$results[[7]][[3]]
         #ac #vi     #vi/#ac      maxvi        sum      sum/#ac      zmax group group #zsig
P(X >=1)  28   0 0.000000000 0.00000000 0.00000000 0.0000000000 0.0000000     0     0     0
P(X >=2)  36   1 0.027777778 0.05962733 0.05962733 0.0016563147 0.8938423     5     6     0
P(X >=3)  36   0 0.000000000 0.00000000 0.00000000 0.0000000000 0.0000000     0     0     0
P(X >=4)  36   0 0.000000000 0.00000000 0.00000000 0.0000000000 0.0000000     0     0     0
Total    136   1 0.007352941 0.05962733 0.05962733 0.0004384362 0.8938423     0     0     0

$results[[7]][[4]]
[1] "Minsize = 112 Minvi = 0.03"


$results[[8]]
$results[[8]][[1]]
[1] "e98m"

$results[[8]][[2]]
      Group Lo Score Hi Score   N F 0 F 1 F 2 F 3 F 4      Mean  P(X >=1)  P(X >=2)   P(X >=3)
 [1,]     1        7       45 121  67  40  12   1   1 0.5867769 0.4462810 0.1157025 0.01652893
 [2,]     2       46       57 131  34  50  37   6   4 1.2061069 0.7404580 0.3587786 0.07633588
 [3,]     3       58       67 121  21  36  39  14  11 1.6528926 0.8264463 0.5289256 0.20661157
 [4,]     4       68       75 113  11  31  30  27  14 2.0176991 0.9026549 0.6283186 0.36283186
 [5,]     5       76       84 118  10  17  36  37  18 2.3050847 0.9152542 0.7711864 0.46610169
 [6,]     6       85       94 119   4  22  28  36  29 2.5378151 0.9663866 0.7815126 0.54621849
 [7,]     7       95      103 115   3   3  24  34  51 3.1043478 0.9739130 0.9478261 0.73913043
 [8,]     8      104      112 118   1   1  15  39  62 3.3559322 0.9915254 0.9830508 0.85593220
 [9,]     9      113      136 168   0   0   7  20 141 3.7976190 1.0000000 1.0000000 0.95833333
         P(X >=4)
 [1,] 0.008264463
 [2,] 0.030534351
 [3,] 0.090909091
 [4,] 0.123893805
 [5,] 0.152542373
 [6,] 0.243697479
 [7,] 0.443478261
 [8,] 0.525423729
 [9,] 0.839285714

$results[[8]][[3]]
         #ac #vi #vi/#ac maxvi sum sum/#ac zmax group group #zsig
P(X >=1)  28   0       0     0   0       0    0     0     0     0
P(X >=2)  28   0       0     0   0       0    0     0     0     0
P(X >=3)  36   0       0     0   0       0    0     0     0     0
P(X >=4)  36   0       0     0   0       0    0     0     0     0
Total    128   0       0     0   0       0    0     0     0     0

$results[[8]][[4]]
[1] "Minsize = 112 Minvi = 0.03"


$results[[9]]
$results[[9]][[1]]
[1] "r56i"

$results[[9]][[2]]
      Group Lo Score Hi Score   N F 0 F 1 F 2 F 3 F 4     Mean  P(X >=1)  P(X >=2)  P(X >=3)
 [1,]     1        5       44 120  31  28  21  29  11 1.675000 0.7416667 0.5083333 0.3333333
 [2,]     2       45       56 125  16  22  35  35  17 2.120000 0.8720000 0.6960000 0.4160000
 [3,]     3       57       65 116   7  17  30  38  24 2.474138 0.9396552 0.7931034 0.5344828
 [4,]     4       66       74 115   6  15  21  43  30 2.660870 0.9478261 0.8173913 0.6347826
 [5,]     5       75       83 123   6  11  22  44  40 2.821138 0.9512195 0.8617886 0.6829268
 [6,]     6       84       93 118   2   7  23  47  39 2.966102 0.9830508 0.9237288 0.7288136
 [7,]     7       94      103 123   2  10  18  28  65 3.170732 0.9837398 0.9024390 0.7560976
 [8,]     8      104      112 112   1   4  11  33  63 3.366071 0.9910714 0.9553571 0.8571429
 [9,]     9      113      136 172   2   1  11  26 132 3.656977 0.9883721 0.9825581 0.9186047
        P(X >=4)
 [1,] 0.09166667
 [2,] 0.13600000
 [3,] 0.20689655
 [4,] 0.26086957
 [5,] 0.32520325
 [6,] 0.33050847
 [7,] 0.52845528
 [8,] 0.56250000
 [9,] 0.76744186

$results[[9]][[3]]
         #ac #vi #vi/#ac maxvi sum sum/#ac zmax group group #zsig
P(X >=1)  36   0       0     0   0       0    0     0     0     0
P(X >=2)  36   0       0     0   0       0    0     0     0     0
P(X >=3)  36   0       0     0   0       0    0     0     0     0
P(X >=4)  36   0       0     0   0       0    0     0     0     0
Total    144   0       0     0   0       0    0     0     0     0

$results[[9]][[4]]
[1] "Minsize = 112 Minvi = 0.03"


$results[[10]]
$results[[10]][[1]]
[1] "a22i"

$results[[10]][[2]]
      Group Lo Score Hi Score   N F 0 F 1 F 2 F 3 F 4      Mean  P(X >=1)  P(X >=2)  P(X >=3)
 [1,]     1        7       44 113  69  21   9   9   5 0.7610619 0.3893805 0.2035398 0.1238938
 [2,]     2       45       55 115  54  18  12  20  11 1.2695652 0.5304348 0.3739130 0.2695652
 [3,]     3       56       65 124  41  21  20  26  16 1.6370968 0.6693548 0.5000000 0.3387097
 [4,]     4       66       74 117  44  14  14  25  20 1.6837607 0.6239316 0.5042735 0.3846154
 [5,]     5       75       83 120  42  17  17  20  24 1.7250000 0.6500000 0.5083333 0.3666667
 [6,]     6       84       94 129  30  14  26  26  33 2.1395349 0.7674419 0.6589147 0.4573643
 [7,]     7       95      103 113  29   8  15  23  38 2.2920354 0.7433628 0.6725664 0.5398230
 [8,]     8      104      112 113  14   9  14  32  44 2.7345133 0.8761062 0.7964602 0.6725664
 [9,]     9      113      136 180  13  13  27  35  92 3.0000000 0.9277778 0.8555556 0.7055556
        P(X >=4)
 [1,] 0.04424779
 [2,] 0.09565217
 [3,] 0.12903226
 [4,] 0.17094017
 [5,] 0.20000000
 [6,] 0.25581395
 [7,] 0.33628319
 [8,] 0.38938053
 [9,] 0.51111111

$results[[10]][[3]]
         #ac #vi     #vi/#ac      maxvi        sum     sum/#ac      zmax group group #zsig
P(X >=1)  36   1 0.027777778 0.04542321 0.04542321 0.001261756 0.6044875     3     4     0
P(X >=2)  36   0 0.000000000 0.00000000 0.00000000 0.000000000 0.0000000     0     0     0
P(X >=3)  36   0 0.000000000 0.00000000 0.00000000 0.000000000 0.0000000     0     0     0
P(X >=4)  36   0 0.000000000 0.00000000 0.00000000 0.000000000 0.0000000     0     0     0
Total    144   1 0.006944444 0.04542321 0.04542321 0.000315439 0.6044875     0     0     0

$results[[10]][[4]]
[1] "Minsize = 112 Minvi = 0.03"


$results[[11]]
$results[[11]][[1]]
[1] "a69i"

$results[[11]][[2]]
      Group Lo Score Hi Score   N F 0 F 1 F 2 F 3 F 4      Mean  P(X >=1)  P(X >=2)   P(X >=3)
 [1,]     1        7       44 115  53  43  14   4   1 0.7565217 0.5391304 0.1652174 0.04347826
 [2,]     2       45       56 118  19  43  39  17   0 1.4576271 0.8389831 0.4745763 0.14406780
 [3,]     3       57       65 120  10  29  62  15   4 1.7833333 0.9166667 0.6750000 0.15833333
 [4,]     4       66       74 123   7  30  50  27   9 2.0081301 0.9430894 0.6991870 0.29268293
 [5,]     5       75       83 118   5  12  49  36  16 2.3898305 0.9576271 0.8559322 0.44067797
 [6,]     6       84       93 117   3  10  24  52  28 2.7863248 0.9743590 0.8888889 0.68376068
 [7,]     7       94      102 114   0   4  33  40  37 2.9649123 1.0000000 0.9649123 0.67543860
 [8,]     8      103      111 115   0   4  22  38  51 3.1826087 1.0000000 0.9652174 0.77391304
 [9,]     9      112      136 184   1   3  11  32 137 3.6358696 0.9945652 0.9782609 0.91847826
         P(X >=4)
 [1,] 0.008695652
 [2,] 0.000000000
 [3,] 0.033333333
 [4,] 0.073170732
 [5,] 0.135593220
 [6,] 0.239316239
 [7,] 0.324561404
 [8,] 0.443478261
 [9,] 0.744565217

$results[[11]][[3]]
         #ac #vi #vi/#ac maxvi sum sum/#ac zmax group group #zsig
P(X >=1)  23   0       0     0   0       0    0     0     0     0
P(X >=2)  36   0       0     0   0       0    0     0     0     0
P(X >=3)  36   0       0     0   0       0    0     0     0     0
P(X >=4)  29   0       0     0   0       0    0     0     0     0
Total    124   0       0     0   0       0    0     0     0     0

$results[[11]][[4]]
[1] "Minsize = 112 Minvi = 0.03"


$results[[12]]
$results[[12]][[1]]
[1] "r50i"

$results[[12]][[2]]
      Group Lo Score Hi Score   N F 0 F 1 F 2 F 3 F 4      Mean  P(X >=1)  P(X >=2)   P(X >=3)
 [1,]     1        7       45 119  61  31  19   5   3 0.8067227 0.4873950 0.2268908 0.06722689
 [2,]     2       46       56 118  28  41  28  13   8 1.4237288 0.7627119 0.4152542 0.17796610
 [3,]     3       57       66 126  19  42  29  21  15 1.7698413 0.8492063 0.5158730 0.28571429
 [4,]     4       67       75 118  10  27  44  22  15 2.0423729 0.9152542 0.6864407 0.31355932
 [5,]     5       76       83 114  11  20  31  35  17 2.2368421 0.9035088 0.7280702 0.45614035
 [6,]     6       84       93 120   9   9  36  44  22 2.5083333 0.9250000 0.8500000 0.55000000
 [7,]     7       94      103 121   3   5  23  44  46 3.0330579 0.9752066 0.9338843 0.74380165
 [8,]     8      104      112 113   3   4  23  41  42 3.0176991 0.9734513 0.9380531 0.73451327
 [9,]     9      113      136 175   2   5  14  43 111 3.4628571 0.9885714 0.9600000 0.88000000
        P(X >=4)
 [1,] 0.02521008
 [2,] 0.06779661
 [3,] 0.11904762
 [4,] 0.12711864
 [5,] 0.14912281
 [6,] 0.18333333
 [7,] 0.38016529
 [8,] 0.37168142
 [9,] 0.63428571

$results[[12]][[3]]
         #ac #vi #vi/#ac maxvi sum sum/#ac zmax group group #zsig
P(X >=1)  36   0       0     0   0       0    0     0     0     0
P(X >=2)  36   0       0     0   0       0    0     0     0     0
P(X >=3)  36   0       0     0   0       0    0     0     0     0
P(X >=4)  36   0       0     0   0       0    0     0     0     0
Total    144   0       0     0   0       0    0     0     0     0

$results[[12]][[4]]
[1] "Minsize = 112 Minvi = 0.03"


$results[[13]]
$results[[13]][[1]]
[1] "r52i"

$results[[13]][[2]]
      Group Lo Score Hi Score   N F 0 F 1 F 2 F 3 F 4     Mean  P(X >=1)  P(X >=2)   P(X >=3)
 [1,]     1        7       44 112  39  44  20   6   3 1.017857 0.6517857 0.2589286 0.08035714
 [2,]     2       45       55 113  22  36  31  20   4 1.539823 0.8053097 0.4867257 0.21238938
 [3,]     3       56       63 112  11  37  33  23   8 1.821429 0.9017857 0.5714286 0.27678571
 [4,]     4       64       73 122   3  26  45  33  15 2.254098 0.9754098 0.7622951 0.39344262
 [5,]     5       74       82 122   6  21  39  32  24 2.385246 0.9508197 0.7786885 0.45901639
 [6,]     6       83       92 120   3   9  31  51  26 2.733333 0.9750000 0.9000000 0.64166667
 [7,]     7       93      101 114   0   2  25  42  45 3.140351 1.0000000 0.9824561 0.76315789
 [8,]     8      102      111 123   2   2  14  45  60 3.292683 0.9837398 0.9674797 0.85365854
 [9,]     9      112      136 186   1   2  10  36 137 3.645161 0.9946237 0.9838710 0.93010753
        P(X >=4)
 [1,] 0.02678571
 [2,] 0.03539823
 [3,] 0.07142857
 [4,] 0.12295082
 [5,] 0.19672131
 [6,] 0.21666667
 [7,] 0.39473684
 [8,] 0.48780488
 [9,] 0.73655914

$results[[13]][[3]]
         #ac #vi #vi/#ac maxvi sum sum/#ac zmax group group #zsig
P(X >=1)  30   0       0     0   0       0    0     0     0     0
P(X >=2)  36   0       0     0   0       0    0     0     0     0
P(X >=3)  36   0       0     0   0       0    0     0     0     0
P(X >=4)  36   0       0     0   0       0    0     0     0     0
Total    138   0       0     0   0       0    0     0     0     0

$results[[13]][[4]]
[1] "Minsize = 112 Minvi = 0.03"


$results[[14]]
$results[[14]][[1]]
[1] "e86a"

$results[[14]][[2]]
      Group Lo Score Hi Score   N F 0 F 1 F 2 F 3 F 4     Mean  P(X >=1)  P(X >=2)  P(X >=3)
 [1,]     1        7       43 117  21  27  22  25  22 2.000000 0.8205128 0.5897436 0.4017094
 [2,]     2       44       55 120   4  16  38  30  32 2.583333 0.9666667 0.8333333 0.5166667
 [3,]     3       56       64 118   6  12  33  28  39 2.694915 0.9491525 0.8474576 0.5677966
 [4,]     4       65       73 118   3   7  13  39  56 3.169492 0.9745763 0.9152542 0.8050847
 [5,]     5       74       82 119   2   4  14  34  65 3.310924 0.9831933 0.9495798 0.8319328
 [6,]     6       83       92 115   1   3   9  29  73 3.478261 0.9913043 0.9652174 0.8869565
 [7,]     7       93      102 128   0   0   6  23  99 3.726562 1.0000000 1.0000000 0.9531250
 [8,]     8      103      112 121   0   0   1  19 101 3.826446 1.0000000 1.0000000 0.9917355
 [9,]     9      113      136 168   0   1   2   8 157 3.910714 1.0000000 0.9940476 0.9821429
       P(X >=4)
 [1,] 0.1880342
 [2,] 0.2666667
 [3,] 0.3305085
 [4,] 0.4745763
 [5,] 0.5462185
 [6,] 0.6347826
 [7,] 0.7734375
 [8,] 0.8347107
 [9,] 0.9345238

$results[[14]][[3]]
         #ac #vi #vi/#ac maxvi sum sum/#ac zmax group group #zsig
P(X >=1)  15   0       0     0   0       0    0     0     0     0
P(X >=2)  23   0       0     0   0       0    0     0     0     0
P(X >=3)  36   0       0     0   0       0    0     0     0     0
P(X >=4)  36   0       0     0   0       0    0     0     0     0
Total    110   0       0     0   0       0    0     0     0     0

$results[[14]][[4]]
[1] "Minsize = 112 Minvi = 0.03"


$results[[15]]
$results[[15]][[1]]
[1] "a28i"

$results[[15]][[2]]
      Group Lo Score Hi Score   N F 0 F 1 F 2 F 3 F 4      Mean  P(X >=1)  P(X >=2)   P(X >=3)
 [1,]     1        5       44 115  48  38  24   4   1 0.8869565 0.5826087 0.2521739 0.04347826
 [2,]     2       45       56 121  29  33  32  23   4 1.5041322 0.7603306 0.4876033 0.22314050
 [3,]     3       57       65 122  13  38  39  25   7 1.7950820 0.8934426 0.5819672 0.26229508
 [4,]     4       66       74 116   6  15  41  44  10 2.3189655 0.9482759 0.8189655 0.46551724
 [5,]     5       75       83 122   6  17  41  39  19 2.3934426 0.9508197 0.8114754 0.47540984
 [6,]     6       84       93 115   3  11  26  50  25 2.7217391 0.9739130 0.8782609 0.65217391
 [7,]     7       94      102 112   0   3  20  48  41 3.1339286 1.0000000 0.9732143 0.79464286
 [8,]     8      103      111 120   1   3  12  39  65 3.3666667 0.9916667 0.9666667 0.86666667
 [9,]     9      112      136 181   0   0   8  22 151 3.7900552 1.0000000 1.0000000 0.95580110
         P(X >=4)
 [1,] 0.008695652
 [2,] 0.033057851
 [3,] 0.057377049
 [4,] 0.086206897
 [5,] 0.155737705
 [6,] 0.217391304
 [7,] 0.366071429
 [8,] 0.541666667
 [9,] 0.834254144

$results[[15]][[3]]
         #ac #vi #vi/#ac maxvi sum sum/#ac zmax group group #zsig
P(X >=1)  22   0       0     0   0       0    0     0     0     0
P(X >=2)  28   0       0     0   0       0    0     0     0     0
P(X >=3)  36   0       0     0   0       0    0     0     0     0
P(X >=4)  36   0       0     0   0       0    0     0     0     0
Total    122   0       0     0   0       0    0     0     0     0

$results[[15]][[4]]
[1] "Minsize = 112 Minvi = 0.03"


$results[[16]]
$results[[16]][[1]]
[1] "a131"

$results[[16]][[2]]
      Group Lo Score Hi Score   N F 0 F 1 F 2 F 3 F 4      Mean  P(X >=1)  P(X >=2)  P(X >=3)
 [1,]     1        7       44 113  67  18  10  11   7 0.8761062 0.4070796 0.2477876 0.1592920
 [2,]     2       45       56 123  53  28  24  13   5 1.0975610 0.5691057 0.3414634 0.1463415
 [3,]     3       57       65 114  37  31  18  24   4 1.3596491 0.6754386 0.4035088 0.2456140
 [4,]     4       66       74 112  40  18  27  18   9 1.4464286 0.6428571 0.4821429 0.2410714
 [5,]     5       75       83 118  36  30  22  21   9 1.4661017 0.6949153 0.4406780 0.2542373
 [6,]     6       84       93 116  19  34  28  27   8 1.7500000 0.8362069 0.5431034 0.3017241
 [7,]     7       94      102 117  19  19  20  42  17 2.1623932 0.8376068 0.6752137 0.5042735
 [8,]     8      103      112 127  14  20  24  41  28 2.3858268 0.8897638 0.7322835 0.5433071
 [9,]     9      113      136 184  21  20  41  57  45 2.4619565 0.8858696 0.7771739 0.5543478
        P(X >=4)
 [1,] 0.06194690
 [2,] 0.04065041
 [3,] 0.03508772
 [4,] 0.08035714
 [5,] 0.07627119
 [6,] 0.06896552
 [7,] 0.14529915
 [8,] 0.22047244
 [9,] 0.24456522

$results[[16]][[3]]
         #ac #vi    #vi/#ac      maxvi        sum      sum/#ac      zmax group group #zsig
P(X >=1)  36   1 0.02777778 0.03258145 0.03258145 0.0009050404 0.3771962     3     4     0
P(X >=2)  36   1 0.02777778 0.04146489 0.04146489 0.0011518025 0.4995341     4     5     0
P(X >=3)  36   0 0.00000000 0.00000000 0.00000000 0.0000000000 0.0000000     0     0     0
P(X >=4)  36   0 0.00000000 0.00000000 0.00000000 0.0000000000 0.0000000     0     0     0
Total    144   2 0.01388889 0.04146489 0.07404634 0.0005142107 0.4995341     0     0     0

$results[[16]][[4]]
[1] "Minsize = 112 Minvi = 0.03"


$results[[17]]
$results[[17]][[1]]
[1] "e100a"

$results[[17]][[2]]
      Group Lo Score Hi Score   N F 0 F 1 F 2 F 3 F 4      Mean  P(X >=1)  P(X >=2)   P(X >=3)
 [1,]     1        7       44 116  54  40  18   2   2 0.7758621 0.5344828 0.1896552 0.03448276
 [2,]     2       45       56 119  12  54  39  11   3 1.4873950 0.8991597 0.4453782 0.11764706
 [3,]     3       57       65 117  10  47  45  12   3 1.5811966 0.9145299 0.5128205 0.12820513
 [4,]     4       66       73 113   4  22  47  31   9 2.1681416 0.9646018 0.7699115 0.35398230
 [5,]     5       74       82 118   3  17  46  37  15 2.3728814 0.9745763 0.8305085 0.44067797
 [6,]     6       83       92 122   2  12  25  60  23 2.7377049 0.9836066 0.8852459 0.68032787
 [7,]     7       93      102 125   0   2  21  45  57 3.2560000 1.0000000 0.9840000 0.81600000
 [8,]     8      103      112 128   0   0   9  47  72 3.4921875 1.0000000 1.0000000 0.92968750
 [9,]     9      113      136 166   0   0   2  13 151 3.8975904 1.0000000 1.0000000 0.98795181
        P(X >=4)
 [1,] 0.01724138
 [2,] 0.02521008
 [3,] 0.02564103
 [4,] 0.07964602
 [5,] 0.12711864
 [6,] 0.18852459
 [7,] 0.45600000
 [8,] 0.56250000
 [9,] 0.90963855

$results[[17]][[3]]
         #ac #vi #vi/#ac maxvi sum sum/#ac zmax group group #zsig
P(X >=1)  15   0       0     0   0       0    0     0     0     0
P(X >=2)  21   0       0     0   0       0    0     0     0     0
P(X >=3)  36   0       0     0   0       0    0     0     0     0
P(X >=4)  36   0       0     0   0       0    0     0     0     0
Total    108   0       0     0   0       0    0     0     0     0

$results[[17]][[4]]
[1] "Minsize = 112 Minvi = 0.03"


$results[[18]]
$results[[18]][[1]]
[1] "a11i"

$results[[18]][[2]]
      Group Lo Score Hi Score   N F 0 F 1 F 2 F 3 F 4     Mean  P(X >=1)  P(X >=2)   P(X >=3)
 [1,]     1        7       44 117  44  36  26   9   2 1.051282 0.6239316 0.3162393 0.09401709
 [2,]     2       45       56 122  22  25  39  24  12 1.827869 0.8196721 0.6147541 0.29508197
 [3,]     3       57       65 121  10  29  36  25  21 2.148760 0.9173554 0.6776860 0.38016529
 [4,]     4       66       74 118   4  19  38  40  17 2.398305 0.9661017 0.8050847 0.48305085
 [5,]     5       75       83 120   6  14  30  41  29 2.608333 0.9500000 0.8333333 0.58333333
 [6,]     6       84       94 122   5   6  30  50  31 2.786885 0.9590164 0.9098361 0.66393443
 [7,]     7       95      103 124   3  11  14  42  54 3.072581 0.9758065 0.8870968 0.77419355
 [8,]     8      104      113 117   3   3  11  28  72 3.393162 0.9743590 0.9487179 0.85470085
 [9,]     9      114      136 163   0   3   8  15 137 3.754601 1.0000000 0.9815951 0.93251534
        P(X >=4)
 [1,] 0.01709402
 [2,] 0.09836066
 [3,] 0.17355372
 [4,] 0.14406780
 [5,] 0.24166667
 [6,] 0.25409836
 [7,] 0.43548387
 [8,] 0.61538462
 [9,] 0.84049080

$results[[18]][[3]]
         #ac #vi #vi/#ac maxvi sum sum/#ac zmax group group #zsig
P(X >=1)  28   0       0     0   0       0    0     0     0     0
P(X >=2)  36   0       0     0   0       0    0     0     0     0
P(X >=3)  36   0       0     0   0       0    0     0     0     0
P(X >=4)  36   0       0     0   0       0    0     0     0     0
Total    136   0       0     0   0       0    0     0     0     0

$results[[18]][[4]]
[1] "Minsize = 112 Minvi = 0.03"


$results[[19]]
$results[[19]][[1]]
[1] "e91f"

$results[[19]][[2]]
      Group Lo Score Hi Score   N F 0 F 1 F 2 F 3 F 4      Mean  P(X >=1)  P(X >=2)   P(X >=3)
 [1,]     1        7       45 115  82  20  10   2   1 0.4347826 0.2869565 0.1130435 0.02608696
 [2,]     2       46       56 114  49  36  17   4   8 1.0000000 0.5701754 0.2543860 0.10526316
 [3,]     3       57       65 120  43  40  24   8   5 1.1000000 0.6416667 0.3083333 0.10833333
 [4,]     4       66       74 113  34  37  20  12  10 1.3539823 0.6991150 0.3716814 0.19469027
 [5,]     5       75       83 117  43  31  20  12  11 1.2905983 0.6324786 0.3675214 0.19658120
 [6,]     6       84       93 121  36  28  31  16  10 1.4710744 0.7024793 0.4710744 0.21487603
 [7,]     7       94      103 124  18  24  34  27  21 2.0725806 0.8548387 0.6612903 0.38709677
 [8,]     8      104      112 112  17  20  28  23  24 2.1517857 0.8482143 0.6696429 0.41964286
 [9,]     9      113      136 188  15  25  45  28  75 2.6542553 0.9202128 0.7872340 0.54787234
         P(X >=4)
 [1,] 0.008695652
 [2,] 0.070175439
 [3,] 0.041666667
 [4,] 0.088495575
 [5,] 0.094017094
 [6,] 0.082644628
 [7,] 0.169354839
 [8,] 0.214285714
 [9,] 0.398936170

$results[[19]][[3]]
         #ac #vi     #vi/#ac      maxvi        sum      sum/#ac      zmax group group #zsig
P(X >=1)  36   1 0.027777778 0.06663641 0.06663641 0.0018510114 0.9316266     4     5     0
P(X >=2)  36   0 0.000000000 0.00000000 0.00000000 0.0000000000 0.0000000     0     0     0
P(X >=3)  36   0 0.000000000 0.00000000 0.00000000 0.0000000000 0.0000000     0     0     0
P(X >=4)  36   0 0.000000000 0.00000000 0.00000000 0.0000000000 0.0000000     0     0     0
Total    144   1 0.006944444 0.06663641 0.06663641 0.0004627529 0.9316266     0     0     0

$results[[19]][[4]]
[1] "Minsize = 112 Minvi = 0.03"


$results[[20]]
$results[[20]][[1]]
[1] "a26ee"

$results[[20]][[2]]
      Group Lo Score Hi Score   N F 0 F 1 F 2 F 3 F 4      Mean  P(X >=1)  P(X >=2)   P(X >=3)
 [1,]     1        7       44 114  48  37  21   7   1 0.9122807 0.5789474 0.2543860 0.07017544
 [2,]     2       45       56 123  23  44  33  18   5 1.4959350 0.8130081 0.4552846 0.18699187
 [3,]     3       57       65 115  20  35  42  11   7 1.5652174 0.8260870 0.5217391 0.15652174
 [4,]     4       66       74 120   6  33  48  23  10 1.9833333 0.9500000 0.6750000 0.27500000
 [5,]     5       75       83 118  10  25  41  29  13 2.0847458 0.9152542 0.7033898 0.35593220
 [6,]     6       84       93 121   8  14  37  45  17 2.4049587 0.9338843 0.8181818 0.51239669
 [7,]     7       94      103 126   4   9  22  44  47 2.9603175 0.9682540 0.8968254 0.72222222
 [8,]     8      104      112 116   1   6  21  33  55 3.1637931 0.9913793 0.9396552 0.75862069
 [9,]     9      113      136 171   1   0   9  26 135 3.7192982 0.9941520 0.9941520 0.94152047
        P(X >=4)
 [1,] 0.00877193
 [2,] 0.04065041
 [3,] 0.06086957
 [4,] 0.08333333
 [5,] 0.11016949
 [6,] 0.14049587
 [7,] 0.37301587
 [8,] 0.47413793
 [9,] 0.78947368

$results[[20]][[3]]
         #ac #vi    #vi/#ac      maxvi        sum      sum/#ac      zmax group group #zsig
P(X >=1)  36   1 0.02777778 0.03474576 0.03474576 0.0009651601 0.7978577     4     5     0
P(X >=2)  36   0 0.00000000 0.00000000 0.00000000 0.0000000000 0.0000000     0     0     0
P(X >=3)  36   1 0.02777778 0.03047013 0.03047013 0.0008463925 0.4452243     2     3     0
P(X >=4)  36   0 0.00000000 0.00000000 0.00000000 0.0000000000 0.0000000     0     0     0
Total    144   2 0.01388889 0.03474576 0.06521589 0.0004528881 0.7978577     0     0     0

$results[[20]][[4]]
[1] "Minsize = 112 Minvi = 0.03"


$results[[21]]
$results[[21]][[1]]
[1] "e88a"

$results[[21]][[2]]
      Group Lo Score Hi Score   N F 0 F 1 F 2 F 3 F 4     Mean  P(X >=1)  P(X >=2)  P(X >=3)
 [1,]     1        7       43 113  27  29  25  19  13 1.663717 0.7610619 0.5044248 0.2831858
 [2,]     2       44       55 114   6  29  27  30  22 2.289474 0.9473684 0.6929825 0.4561404
 [3,]     3       56       63 113   6  22  30  34  21 2.371681 0.9469027 0.7522124 0.4867257
 [4,]     4       64       72 121   6  15  18  32  50 2.867769 0.9504132 0.8264463 0.6776860
 [5,]     5       73       81 116   0   6  17  40  53 3.206897 1.0000000 0.9482759 0.8017241
 [6,]     6       82       91 115   0   3  11  46  55 3.330435 1.0000000 0.9739130 0.8782609
 [7,]     7       92      101 125   0   0   9  38  78 3.552000 1.0000000 1.0000000 0.9280000
 [8,]     8      102      110 112   0   1   5  20  86 3.705357 1.0000000 0.9910714 0.9464286
 [9,]     9      111      136 195   0   0   2  13 180 3.912821 1.0000000 1.0000000 0.9897436
       P(X >=4)
 [1,] 0.1150442
 [2,] 0.1929825
 [3,] 0.1858407
 [4,] 0.4132231
 [5,] 0.4568966
 [6,] 0.4782609
 [7,] 0.6240000
 [8,] 0.7678571
 [9,] 0.9230769

$results[[21]][[3]]
         #ac #vi #vi/#ac maxvi sum sum/#ac zmax group group #zsig
P(X >=1)   6   0       0     0   0       0    0     0     0     0
P(X >=2)  22   0       0     0   0       0    0     0     0     0
P(X >=3)  36   0       0     0   0       0    0     0     0     0
P(X >=4)  36   0       0     0   0       0    0     0     0     0
Total    100   0       0     0   0       0    0     0     0     0

$results[[21]][[4]]
[1] "Minsize = 112 Minvi = 0.03"


$results[[22]]
$results[[22]][[1]]
[1] "r66i"

$results[[22]][[2]]
      Group Lo Score Hi Score   N F 0 F 1 F 2 F 3 F 4      Mean  P(X >=1)  P(X >=2)   P(X >=3)
 [1,]     1        7       44 114  62  38  13   1   0 0.5877193 0.4561404 0.1228070 0.00877193
 [2,]     2       45       56 115  23  55  31   3   3 1.2000000 0.8000000 0.3217391 0.05217391
 [3,]     3       57       65 120  18  39  47  10   6 1.5583333 0.8500000 0.5250000 0.13333333
 [4,]     4       66       74 123  14  42  48  17   2 1.6016260 0.8861789 0.5447154 0.15447154
 [5,]     5       75       83 121   6  22  49  36   8 2.1487603 0.9504132 0.7685950 0.36363636
 [6,]     6       84       93 117   4  17  38  45  13 2.3931624 0.9658120 0.8205128 0.49572650
 [7,]     7       94      102 114   0   5  30  44  35 2.9561404 1.0000000 0.9561404 0.69298246
 [8,]     8      103      111 113   0   8  18  46  41 3.0619469 1.0000000 0.9292035 0.76991150
 [9,]     9      112      136 187   0   2   9  32 144 3.7005348 1.0000000 0.9893048 0.94117647
        P(X >=4)
 [1,] 0.00000000
 [2,] 0.02608696
 [3,] 0.05000000
 [4,] 0.01626016
 [5,] 0.06611570
 [6,] 0.11111111
 [7,] 0.30701754
 [8,] 0.36283186
 [9,] 0.77005348

$results[[22]][[3]]
         #ac #vi     #vi/#ac      maxvi        sum      sum/#ac     zmax group group #zsig
P(X >=1)  15   0 0.000000000 0.00000000 0.00000000 0.0000000000 0.000000     0     0     0
P(X >=2)  36   0 0.000000000 0.00000000 0.00000000 0.0000000000 0.000000     0     0     0
P(X >=3)  36   0 0.000000000 0.00000000 0.00000000 0.0000000000 0.000000     0     0     0
P(X >=4)  28   1 0.035714286 0.03373984 0.03373984 0.0012049942 1.076115     3     4     0
Total    115   1 0.008695652 0.03373984 0.03373984 0.0002933899 1.076115     0     0     0

$results[[22]][[4]]
[1] "Minsize = 112 Minvi = 0.03"


$results[[23]]
$results[[23]][[1]]
[1] "a2i"

$results[[23]][[2]]
      Group Lo Score Hi Score   N F 0 F 1 F 2 F 3 F 4     Mean  P(X >=1)  P(X >=2)  P(X >=3)
 [1,]     1        7       43 114  23  29  32  19  11 1.701754 0.7982456 0.5438596 0.2631579
 [2,]     2       44       55 116   9  20  30  32  25 2.379310 0.9224138 0.7500000 0.4913793
 [3,]     3       56       64 121   7  21  29  38  26 2.454545 0.9421488 0.7685950 0.5289256
 [4,]     4       65       72 112   5  12  22  30  43 2.839286 0.9553571 0.8482143 0.6517857
 [5,]     5       73       81 112   2   5  16  43  46 3.125000 0.9821429 0.9375000 0.7946429
 [6,]     6       82       91 118   1   3  11  36  67 3.398305 0.9915254 0.9661017 0.8728814
 [7,]     7       92      101 123   2   5  11  37  68 3.333333 0.9837398 0.9430894 0.8536585
 [8,]     8      102      110 112   0   2   9  17  84 3.633929 1.0000000 0.9821429 0.9017857
 [9,]     9      111      136 196   3   2   7  15 169 3.760204 0.9846939 0.9744898 0.9387755
        P(X >=4)
 [1,] 0.09649123
 [2,] 0.21551724
 [3,] 0.21487603
 [4,] 0.38392857
 [5,] 0.41071429
 [6,] 0.56779661
 [7,] 0.55284553
 [8,] 0.75000000
 [9,] 0.86224490

$results[[23]][[3]]
         #ac #vi #vi/#ac maxvi sum sum/#ac zmax group group #zsig
P(X >=1)  29   0       0     0   0       0    0     0     0     0
P(X >=2)  36   0       0     0   0       0    0     0     0     0
P(X >=3)  36   0       0     0   0       0    0     0     0     0
P(X >=4)  36   0       0     0   0       0    0     0     0     0
Total    137   0       0     0   0       0    0     0     0     0

$results[[23]][[4]]
[1] "Minsize = 112 Minvi = 0.03"


$results[[24]]
$results[[24]][[1]]
[1] "e80a"

$results[[24]][[2]]
      Group Lo Score Hi Score   N F 0 F 1 F 2 F 3 F 4     Mean  P(X >=1)  P(X >=2)  P(X >=3)
 [1,]     1        7       44 117  54  28  23   6   6 0.991453 0.5384615 0.2991453 0.1025641
 [2,]     2       45       56 123  23  30  36  26   8 1.723577 0.8130081 0.5691057 0.2764228
 [3,]     3       57       65 117  11  24  49  19  14 2.008547 0.9059829 0.7008547 0.2820513
 [4,]     4       66       73 113   8  16  33  37  19 2.380531 0.9292035 0.7876106 0.4955752
 [5,]     5       74       82 115   5  10  27  38  35 2.765217 0.9565217 0.8695652 0.6347826
 [6,]     6       83       92 117   3   6  30  37  41 2.914530 0.9743590 0.9230769 0.6666667
 [7,]     7       93      102 125   3   1  20  36  65 3.272000 0.9760000 0.9680000 0.8080000
 [8,]     8      103      111 113   0   2  10  28  73 3.522124 1.0000000 0.9823009 0.8938053
 [9,]     9      112      136 184   0   1   4  15 164 3.858696 1.0000000 0.9945652 0.9728261
        P(X >=4)
 [1,] 0.05128205
 [2,] 0.06504065
 [3,] 0.11965812
 [4,] 0.16814159
 [5,] 0.30434783
 [6,] 0.35042735
 [7,] 0.52000000
 [8,] 0.64601770
 [9,] 0.89130435

$results[[24]][[3]]
         #ac #vi #vi/#ac maxvi sum sum/#ac zmax group group #zsig
P(X >=1)  21   0       0     0   0       0    0     0     0     0
P(X >=2)  36   0       0     0   0       0    0     0     0     0
P(X >=3)  36   0       0     0   0       0    0     0     0     0
P(X >=4)  36   0       0     0   0       0    0     0     0     0
Total    129   0       0     0   0       0    0     0     0     0

$results[[24]][[4]]
[1] "Minsize = 112 Minvi = 0.03"


$results[[25]]
$results[[25]][[1]]
[1] "e93s"

$results[[25]][[2]]
      Group Lo Score Hi Score   N F 0 F 1 F 2 F 3 F 4      Mean  P(X >=1)   P(X >=2)   P(X >=3)
 [1,]     1        7       45 117 103   9   2   0   3 0.2136752 0.1196581 0.04273504 0.02564103
 [2,]     2       46       56 112  75  11  14   7   5 0.7142857 0.3303571 0.23214286 0.10714286
 [3,]     3       57       65 115  60  19  23   8   5 0.9478261 0.4782609 0.31304348 0.11304348
 [4,]     4       66       74 115  62  25  10   8  10 0.9478261 0.4608696 0.24347826 0.15652174
 [5,]     5       75       83 117  58  21  11  15  12 1.1623932 0.5042735 0.32478632 0.23076923
 [6,]     6       84       93 117  44  25  17  16  15 1.4273504 0.6239316 0.41025641 0.26495726
 [7,]     7       94      101 113  33  14  20  19  27 1.9380531 0.7079646 0.58407080 0.40707965
 [8,]     8      102      110 115  20  13  18  19  45 2.4869565 0.8260870 0.71304348 0.55652174
 [9,]     9      111      136 203  18   6  26  21 132 3.1970443 0.9113300 0.88177340 0.75369458
        P(X >=4)
 [1,] 0.02564103
 [2,] 0.04464286
 [3,] 0.04347826
 [4,] 0.08695652
 [5,] 0.10256410
 [6,] 0.12820513
 [7,] 0.23893805
 [8,] 0.39130435
 [9,] 0.65024631

$results[[25]][[3]]
         #ac #vi     #vi/#ac      maxvi        sum      sum/#ac     zmax group group #zsig
P(X >=1)  36   0 0.000000000 0.00000000 0.00000000 0.0000000000 0.000000     0     0     0
P(X >=2)  36   1 0.027777778 0.06956522 0.06956522 0.0019323671 1.030599     3     4     0
P(X >=3)  36   0 0.000000000 0.00000000 0.00000000 0.0000000000 0.000000     0     0     0
P(X >=4)  36   0 0.000000000 0.00000000 0.00000000 0.0000000000 0.000000     0     0     0
Total    144   1 0.006944444 0.06956522 0.06956522 0.0004830918 1.030599     0     0     0

$results[[25]][[4]]
[1] "Minsize = 112 Minvi = 0.03"


$results[[26]]
$results[[26]][[1]]
[1] "e77m"

$results[[26]][[2]]
      Group Lo Score Hi Score   N F 0 F 1 F 2 F 3 F 4      Mean  P(X >=1)   P(X >=2)   P(X >=3)
 [1,]     1        7       44 112  75  28   5   2   2 0.4642857 0.3303571 0.08035714 0.03571429
 [2,]     2       45       56 119  43  48  14  12   2 1.0084034 0.6386555 0.23529412 0.11764706
 [3,]     3       57       65 117  32  39  30   9   7 1.3162393 0.7264957 0.39316239 0.13675214
 [4,]     4       66       74 119  25  38  32  12  12 1.5630252 0.7899160 0.47058824 0.20168067
 [5,]     5       75       83 118  16  28  36  23  15 1.9406780 0.8644068 0.62711864 0.32203390
 [6,]     6       84       93 124  13  30  28  37  16 2.1048387 0.8951613 0.65322581 0.42741935
 [7,]     7       94      103 120   9  23  32  29  27 2.3500000 0.9250000 0.73333333 0.46666667
 [8,]     8      104      112 117   7  11  23  34  42 2.7948718 0.9401709 0.84615385 0.64957265
 [9,]     9      113      136 178   5   6  22  28 117 3.3820225 0.9719101 0.93820225 0.81460674
        P(X >=4)
 [1,] 0.01785714
 [2,] 0.01680672
 [3,] 0.05982906
 [4,] 0.10084034
 [5,] 0.12711864
 [6,] 0.12903226
 [7,] 0.22500000
 [8,] 0.35897436
 [9,] 0.65730337

$results[[26]][[3]]
         #ac #vi #vi/#ac maxvi sum sum/#ac zmax group group #zsig
P(X >=1)  36   0       0     0   0       0    0     0     0     0
P(X >=2)  36   0       0     0   0       0    0     0     0     0
P(X >=3)  36   0       0     0   0       0    0     0     0     0
P(X >=4)  36   0       0     0   0       0    0     0     0     0
Total    144   0       0     0   0       0    0     0     0     0

$results[[26]][[4]]
[1] "Minsize = 112 Minvi = 0.03"


$results[[27]]
$results[[27]][[1]]
[1] "r62i"

$results[[27]][[2]]
      Group Lo Score Hi Score   N F 0 F 1 F 2 F 3 F 4      Mean  P(X >=1)  P(X >=2)   P(X >=3)
 [1,]     1        7       44 116  63  40  10   0   3 0.6206897 0.4568966 0.1120690 0.02586207
 [2,]     2       45       56 120  19  49  37  13   2 1.4166667 0.8416667 0.4333333 0.12500000
 [3,]     3       57       65 112  19  38  40  11   4 1.4910714 0.8303571 0.4910714 0.13392857
 [4,]     4       66       74 119  15  36  54  14   0 1.5630252 0.8739496 0.5714286 0.11764706
 [5,]     5       75       82 112   5  18  48  31  10 2.2053571 0.9553571 0.7946429 0.36607143
 [6,]     6       83       92 120   2  12  37  52  17 2.5833333 0.9833333 0.8833333 0.57500000
 [7,]     7       93      102 126   0   5  35  54  32 2.8968254 1.0000000 0.9603175 0.68253968
 [8,]     8      103      111 117   1   4  21  43  48 3.1367521 0.9914530 0.9572650 0.77777778
 [9,]     9      112      136 182   0   0   4  32 146 3.7802198 1.0000000 1.0000000 0.97802198
        P(X >=4)
 [1,] 0.02586207
 [2,] 0.01666667
 [3,] 0.03571429
 [4,] 0.00000000
 [5,] 0.08928571
 [6,] 0.14166667
 [7,] 0.25396825
 [8,] 0.41025641
 [9,] 0.80219780

$results[[27]][[3]]
         #ac #vi     #vi/#ac      maxvi        sum      sum/#ac    zmax group group #zsig
P(X >=1)  22   0 0.000000000 0.00000000 0.00000000 0.0000000000 0.00000     0     0     0
P(X >=2)  28   0 0.000000000 0.00000000 0.00000000 0.0000000000 0.00000     0     0     0
P(X >=3)  36   0 0.000000000 0.00000000 0.00000000 0.0000000000 0.00000     0     0     0
P(X >=4)  31   1 0.032258065 0.03571429 0.03571429 0.0011520737 1.50037     3     4     0
Total    117   1 0.008547009 0.03571429 0.03571429 0.0003052503 1.50037     0     0     0

$results[[27]][[4]]
[1] "Minsize = 112 Minvi = 0.03"


$results[[28]]
$results[[28]][[1]]
[1] "e82m"

$results[[28]][[2]]
      Group Lo Score Hi Score   N F 0 F 1 F 2 F 3 F 4      Mean  P(X >=1)  P(X >=2)   P(X >=3)
 [1,]     1        5       44 115  43  48  16   7   1 0.9130435 0.6260870 0.2086957 0.06956522
 [2,]     2       45       56 123  18  47  31  23   4 1.5772358 0.8536585 0.4715447 0.21951220
 [3,]     3       57       65 117  13  33  41  23   7 1.8119658 0.8888889 0.6068376 0.25641026
 [4,]     4       66       74 122   8  24  40  29  21 2.2540984 0.9344262 0.7377049 0.40983607
 [5,]     5       75       83 113   2  23  39  32  17 2.3451327 0.9823009 0.7787611 0.43362832
 [6,]     6       84       93 123   3  15  43  35  27 2.5528455 0.9756098 0.8536585 0.50406504
 [7,]     7       94      103 120   2  11  27  39  41 2.8833333 0.9833333 0.8916667 0.66666667
 [8,]     8      104      112 113   3   7  28  32  43 2.9292035 0.9734513 0.9115044 0.66371681
 [9,]     9      113      136 178   1   9  11  32 125 3.5224719 0.9943820 0.9438202 0.88202247
         P(X >=4)
 [1,] 0.008695652
 [2,] 0.032520325
 [3,] 0.059829060
 [4,] 0.172131148
 [5,] 0.150442478
 [6,] 0.219512195
 [7,] 0.341666667
 [8,] 0.380530973
 [9,] 0.702247191

$results[[28]][[3]]
         #ac #vi #vi/#ac maxvi sum sum/#ac zmax group group #zsig
P(X >=1)  36   0       0     0   0       0    0     0     0     0
P(X >=2)  36   0       0     0   0       0    0     0     0     0
P(X >=3)  36   0       0     0   0       0    0     0     0     0
P(X >=4)  36   0       0     0   0       0    0     0     0     0
Total    144   0       0     0   0       0    0     0     0     0

$results[[28]][[4]]
[1] "Minsize = 112 Minvi = 0.03"


$results[[29]]
$results[[29]][[1]]
[1] "r61i"

$results[[29]][[2]]
      Group Lo Score Hi Score   N F 0 F 1 F 2 F 3 F 4     Mean  P(X >=1)  P(X >=2)  P(X >=3)
 [1,]     1        7       43 115  15  25  30  25  20 2.086957 0.8695652 0.6521739 0.3913043
 [2,]     2       44       55 117   5  19  32  33  28 2.512821 0.9572650 0.7948718 0.5213675
 [3,]     3       56       64 118   9  20  28  27  34 2.483051 0.9237288 0.7542373 0.5169492
 [4,]     4       65       73 122   6  12  21  41  42 2.827869 0.9508197 0.8524590 0.6803279
 [5,]     5       74       82 123   1  10  21  35  56 3.097561 0.9918699 0.9105691 0.7398374
 [6,]     6       83       93 125   0   4  11  30  80 3.488000 1.0000000 0.9680000 0.8800000
 [7,]     7       94      102 112   0   0   9  26  77 3.607143 1.0000000 1.0000000 0.9196429
 [8,]     8      103      111 112   1   0   3  32  76 3.625000 0.9910714 0.9910714 0.9642857
 [9,]     9      112      136 180   0   0   1  13 166 3.916667 1.0000000 1.0000000 0.9944444
       P(X >=4)
 [1,] 0.1739130
 [2,] 0.2393162
 [3,] 0.2881356
 [4,] 0.3442623
 [5,] 0.4552846
 [6,] 0.6400000
 [7,] 0.6875000
 [8,] 0.6785714
 [9,] 0.9222222

$results[[29]][[3]]
         #ac #vi    #vi/#ac      maxvi        sum      sum/#ac      zmax group group #zsig
P(X >=1)  17   1 0.05882353 0.03353614 0.03353614 0.0019727143 0.7921197     2     3     0
P(X >=2)  22   1 0.04545455 0.04063451 0.04063451 0.0018470230 0.5881502     2     3     0
P(X >=3)  36   0 0.00000000 0.00000000 0.00000000 0.0000000000 0.0000000     0     0     0
P(X >=4)  36   0 0.00000000 0.00000000 0.00000000 0.0000000000 0.0000000     0     0     0
Total    111   2 0.01801802 0.04063451 0.07417065 0.0006682041 0.7921197     0     0     0

$results[[29]][[4]]
[1] "Minsize = 112 Minvi = 0.03"


$results[[30]]
$results[[30]][[1]]
[1] "e85s"

$results[[30]][[2]]
      Group Lo Score Hi Score   N F 0 F 1 F 2 F 3 F 4       Mean   P(X >=1)  P(X >=2)
 [1,]     1        7       45 114 110   4   0   0   0 0.03508772 0.03508772 0.0000000
 [2,]     2       46       56 112  80  15  12   5   0 0.48214286 0.28571429 0.1517857
 [3,]     3       57       65 116  71  19  17   8   1 0.69827586 0.38793103 0.2241379
 [4,]     4       66       74 114  70  19  13   9   3 0.73684211 0.38596491 0.2192982
 [5,]     5       75       83 119  68  20  19   8   4 0.82352941 0.42857143 0.2605042
 [6,]     6       84       93 116  54  21  17  14  10 1.18103448 0.53448276 0.3534483
 [7,]     7       94      102 115  32  25  22  22  14 1.66086957 0.72173913 0.5043478
 [8,]     8      103      110 112  20  18  31  18  25 2.08928571 0.82142857 0.6607143
 [9,]     9      111      136 206  10  23  39  32 102 2.93689320 0.95145631 0.8398058
        P(X >=3)   P(X >=4)
 [1,] 0.00000000 0.00000000
 [2,] 0.04464286 0.00000000
 [3,] 0.07758621 0.00862069
 [4,] 0.10526316 0.02631579
 [5,] 0.10084034 0.03361345
 [6,] 0.20689655 0.08620690
 [7,] 0.31304348 0.12173913
 [8,] 0.38392857 0.22321429
 [9,] 0.65048544 0.49514563

$results[[30]][[3]]
         #ac #vi #vi/#ac maxvi sum sum/#ac zmax group group #zsig
P(X >=1)  36   0       0     0   0       0    0     0     0     0
P(X >=2)  28   0       0     0   0       0    0     0     0     0
P(X >=3)  28   0       0     0   0       0    0     0     0     0
P(X >=4)  21   0       0     0   0       0    0     0     0     0
Total    113   0       0     0   0       0    0     0     0     0

$results[[30]][[4]]
[1] "Minsize = 112 Minvi = 0.03"


$results[[31]]
$results[[31]][[1]]
[1] "a68i"

$results[[31]][[2]]
      Group Lo Score Hi Score   N F 0 F 1 F 2 F 3 F 4      Mean  P(X >=1)  P(X >=2)   P(X >=3)
 [1,]     1        7       44 114  60  38  13   1   2 0.6578947 0.4736842 0.1403509 0.02631579
 [2,]     2       45       56 121  18  50  33  19   1 1.4628099 0.8512397 0.4380165 0.16528926
 [3,]     3       57       65 114  15  41  39  17   2 1.5614035 0.8684211 0.5087719 0.16666667
 [4,]     4       66       73 113  11  26  42  24  10 1.9646018 0.9026549 0.6725664 0.30088496
 [5,]     5       74       82 122   3  15  42  47  15 2.4590164 0.9754098 0.8524590 0.50819672
 [6,]     6       83       92 119   1   7  26  51  34 2.9243697 0.9915966 0.9327731 0.71428571
 [7,]     7       93      102 123   0   7  18  40  58 3.2113821 1.0000000 0.9430894 0.79674797
 [8,]     8      103      111 117   0   2  15  33  67 3.4102564 1.0000000 0.9829060 0.85470085
 [9,]     9      112      136 181   0   0   3  12 166 3.9005525 1.0000000 1.0000000 0.98342541
         P(X >=4)
 [1,] 0.017543860
 [2,] 0.008264463
 [3,] 0.017543860
 [4,] 0.088495575
 [5,] 0.122950820
 [6,] 0.285714286
 [7,] 0.471544715
 [8,] 0.572649573
 [9,] 0.917127072

$results[[31]][[3]]
         #ac #vi #vi/#ac maxvi sum sum/#ac zmax group group #zsig
P(X >=1)  15   0       0     0   0       0    0     0     0     0
P(X >=2)  28   0       0     0   0       0    0     0     0     0
P(X >=3)  36   0       0     0   0       0    0     0     0     0
P(X >=4)  36   0       0     0   0       0    0     0     0     0
Total    115   0       0     0   0       0    0     0     0     0

$results[[31]][[4]]
[1] "Minsize = 112 Minvi = 0.03"


$results[[32]]
$results[[32]][[1]]
[1] "e102m"

$results[[32]][[2]]
      Group Lo Score Hi Score   N F 0 F 1 F 2 F 3 F 4      Mean  P(X >=1)   P(X >=2)   P(X >=3)
 [1,]     1        7       45 116  91  14   9   1   1 0.3362069 0.2155172 0.09482759 0.01724138
 [2,]     2       46       56 114  52  31  18   8   5 0.9736842 0.5438596 0.27192982 0.11403509
 [3,]     3       57       65 118  46  30  25  10   7 1.1694915 0.6101695 0.35593220 0.14406780
 [4,]     4       66       74 114  34  41  23   8   8 1.2543860 0.7017544 0.34210526 0.14035088
 [5,]     5       75       83 116  37  30  32  15   2 1.2672414 0.6810345 0.42241379 0.14655172
 [6,]     6       84       93 117  21  41  28  17  10 1.6068376 0.8205128 0.47008547 0.23076923
 [7,]     7       94      102 115  17  34  28  22  14 1.8434783 0.8521739 0.55652174 0.31304348
 [8,]     8      103      111 118   5  18  44  32  19 2.3559322 0.9576271 0.80508475 0.43220339
 [9,]     9      112      136 196   5  12  65  53  61 2.7806122 0.9744898 0.91326531 0.58163265
        P(X >=4)
 [1,] 0.00862069
 [2,] 0.04385965
 [3,] 0.05932203
 [4,] 0.07017544
 [5,] 0.01724138
 [6,] 0.08547009
 [7,] 0.12173913
 [8,] 0.16101695
 [9,] 0.31122449

$results[[32]][[3]]
         #ac #vi    #vi/#ac      maxvi        sum      sum/#ac     zmax group group #zsig
P(X >=1)  36   0 0.00000000 0.00000000 0.00000000 0.0000000000 0.000000     0     0     0
P(X >=2)  36   0 0.00000000 0.00000000 0.00000000 0.0000000000 0.000000     0     0     0
P(X >=3)  36   0 0.00000000 0.00000000 0.00000000 0.0000000000 0.000000     0     0     0
P(X >=4)  36   2 0.05555556 0.05293406 0.09501471 0.0026392976 1.623349     4     5     0
Total    144   2 0.01388889 0.05293406 0.09501471 0.0006598244 1.623349     0     0     0

$results[[32]][[4]]
[1] "Minsize = 112 Minvi = 0.03"


$results[[33]]
$results[[33]][[1]]
[1] "a74ee"

$results[[33]][[2]]
      Group Lo Score Hi Score   N F 0 F 1 F 2 F 3 F 4     Mean  P(X >=1)  P(X >=2)  P(X >=3)
 [1,]     1        7       43 116  16  39  26  20  15 1.818966 0.8620690 0.5258621 0.3017241
 [2,]     2       44       56 124  10  29  34  42   9 2.088710 0.9193548 0.6854839 0.4112903
 [3,]     3       57       65 115   9  24  38  26  18 2.173913 0.9217391 0.7130435 0.3826087
 [4,]     4       66       73 113   4  14  34  33  28 2.592920 0.9646018 0.8407080 0.5398230
 [5,]     5       74       82 115   4   9  31  36  35 2.773913 0.9652174 0.8869565 0.6173913
 [6,]     6       83       92 119   1   9  33  48  28 2.781513 0.9915966 0.9159664 0.6386555
 [7,]     7       93      101 113   0   7  23  45  38 3.008850 1.0000000 0.9380531 0.7345133
 [8,]     8      102      111 120   0   1  20  50  49 3.225000 1.0000000 0.9916667 0.8250000
 [9,]     9      112      136 189   0   1  12  56 120 3.560847 1.0000000 0.9947090 0.9312169
        P(X >=4)
 [1,] 0.12931034
 [2,] 0.07258065
 [3,] 0.15652174
 [4,] 0.24778761
 [5,] 0.30434783
 [6,] 0.23529412
 [7,] 0.33628319
 [8,] 0.40833333
 [9,] 0.63492063

$results[[33]][[3]]
         #ac #vi    #vi/#ac      maxvi       sum     sum/#ac     zmax group group #zsig
P(X >=1)  15   0 0.00000000 0.00000000 0.0000000 0.000000000 0.000000     0     0     0
P(X >=2)  36   0 0.00000000 0.00000000 0.0000000 0.000000000 0.000000     0     0     0
P(X >=3)  36   0 0.00000000 0.00000000 0.0000000 0.000000000 0.000000     0     0     0
P(X >=4)  36   2 0.05555556 0.06905371 0.1257834 0.003493984 1.241386     1     2     0
Total    123   2 0.01626016 0.06905371 0.1257834 0.001022629 1.241386     0     0     0

$results[[33]][[4]]
[1] "Minsize = 112 Minvi = 0.03"


$results[[34]]
$results[[34]][[1]]
[1] "r54i"

$results[[34]][[2]]
      Group Lo Score Hi Score   N F 0 F 1 F 2 F 3 F 4     Mean  P(X >=1)  P(X >=2)  P(X >=3)
 [1,]     1        7       43 114  24  35  25  19  11 1.631579 0.7894737 0.4824561 0.2631579
 [2,]     2       44       55 116   7  22  39  29  19 2.267241 0.9396552 0.7500000 0.4137931
 [3,]     3       56       63 112   6  20  38  27  21 2.330357 0.9464286 0.7678571 0.4285714
 [4,]     4       64       72 117   7   8  36  35  31 2.641026 0.9401709 0.8717949 0.5641026
 [5,]     5       73       81 114   2   9  26  44  33 2.850877 0.9824561 0.9035088 0.6754386
 [6,]     6       82       91 123   1   5  18  34  65 3.276423 0.9918699 0.9512195 0.8048780
 [7,]     7       92      101 118   1   1  14  42  60 3.347458 0.9915254 0.9830508 0.8644068
 [8,]     8      102      110 115   1   1   8  29  76 3.547826 0.9913043 0.9826087 0.9130435
 [9,]     9      111      136 195   0   0   4  21 170 3.851282 1.0000000 1.0000000 0.9794872
        P(X >=4)
 [1,] 0.09649123
 [2,] 0.16379310
 [3,] 0.18750000
 [4,] 0.26495726
 [5,] 0.28947368
 [6,] 0.52845528
 [7,] 0.50847458
 [8,] 0.66086957
 [9,] 0.87179487

$results[[34]][[3]]
         #ac #vi #vi/#ac maxvi sum sum/#ac zmax group group #zsig
P(X >=1)  28   0       0     0   0       0    0     0     0     0
P(X >=2)  28   0       0     0   0       0    0     0     0     0
P(X >=3)  36   0       0     0   0       0    0     0     0     0
P(X >=4)  36   0       0     0   0       0    0     0     0     0
Total    128   0       0     0   0       0    0     0     0     0

$results[[34]][[4]]
[1] "Minsize = 112 Minvi = 0.03"


$results[[35]]
$results[[35]][[1]]
[1] "a72ee"

$results[[35]][[2]]
      Group Lo Score Hi Score   N F 0 F 1 F 2 F 3 F 4     Mean  P(X >=1)  P(X >=2)  P(X >=3)
 [1,]     1        6       43 116   9  43  26  23  15 1.931034 0.9224138 0.5517241 0.3275862
 [2,]     2       44       56 129  12  23  26  53  15 2.279070 0.9069767 0.7286822 0.5271318
 [3,]     3       57       65 116   7  26  30  35  18 2.267241 0.9396552 0.7155172 0.4568966
 [4,]     4       66       74 121   1   9  35  40  36 2.834711 0.9917355 0.9173554 0.6280992
 [5,]     5       75       83 116   1   7  29  39  40 2.948276 0.9913793 0.9310345 0.6810345
 [6,]     6       84       93 116   1   6  24  53  32 2.939655 0.9913793 0.9396552 0.7327586
 [7,]     7       94      102 112   0   6  17  46  43 3.125000 1.0000000 0.9464286 0.7946429
 [8,]     8      103      111 113   0   1  13  58  41 3.230088 1.0000000 0.9911504 0.8761062
 [9,]     9      112      136 185   0   0   8  61 116 3.583784 1.0000000 1.0000000 0.9567568
       P(X >=4)
 [1,] 0.1293103
 [2,] 0.1162791
 [3,] 0.1551724
 [4,] 0.2975207
 [5,] 0.3448276
 [6,] 0.2758621
 [7,] 0.3839286
 [8,] 0.3628319
 [9,] 0.6270270

$results[[35]][[3]]
         #ac #vi    #vi/#ac      maxvi        sum     sum/#ac      zmax group group #zsig
P(X >=1)  15   0 0.00000000 0.00000000 0.00000000 0.000000000 0.0000000     0     0     0
P(X >=2)  28   0 0.00000000 0.00000000 0.00000000 0.000000000 0.0000000     0     0     0
P(X >=3)  36   1 0.02777778 0.07023523 0.07023523 0.001950979 0.9718471     2     3     0
P(X >=4)  36   1 0.02777778 0.06896552 0.06896552 0.001915709 0.9944511     5     6     0
Total    115   2 0.01739130 0.07023523 0.13920075 0.001210441 0.9944511     0     0     0

$results[[35]][[4]]
[1] "Minsize = 112 Minvi = 0.03"



$I.labels
 [1] "r30e"  "r47i"  "r51i"  "a7i"   "a1i"   "a67i"  "e76m"  "e98m"  "r56i"  "a22i"  "a69i" 
[12] "r50i"  "r52i"  "e86a"  "a28i"  "a131"  "e100a" "a11i"  "e91f"  "a26ee" "e88a"  "r66i" 
[23] "a2i"   "e80a"  "e93s"  "e77m"  "r62i"  "e82m"  "r61i"  "e85s"  "a68i"  "e102m" "a74ee"
[34] "r54i"  "a72ee"

$Hi
     r30e      r47i      r51i       a7i       a1i      a67i      e76m      e98m      r56i 
0.3905748 0.3892678 0.4053686 0.3404518 0.4693830 0.4892932 0.4490640 0.4904475 0.3462496 
     a22i      a69i      r50i      r52i      e86a      a28i      a131     e100a      a11i 
0.3027261 0.4806414 0.4195401 0.4532199 0.4222173 0.4764885 0.2806753 0.5224014 0.4232612 
     e91f     a26ee      e88a      r66i       a2i      e80a      e93s      e77m      r62i 
0.3465965 0.4489433 0.4438792 0.5100571 0.3849320 0.4699810 0.4271591 0.4330063 0.5122842 
     e82m      r61i      e85s      a68i     e102m     a74ee      r54i     a72ee 
0.4152212 0.3893921 0.4666623 0.5160171 0.3942380 0.3496109 0.4171746 0.3391537 

$m
[1] 5

$X
        r30e r47i r51i a7i a1i a67i e76m e98m r56i a22i a69i r50i r52i e86a a28i a131 e100a
   [1,]    1    0    0   1   0    0    1    0    0    2    0    0    0    1    0    0     0
   [2,]    3    3    3   0   0    4    2    2    4    0    0    0    2    2    3    0     2
   [3,]    0    0    0   4   2    0    0    0    0    4    0    0    0    0    0    4     0
   [4,]    0    0    0   0   2    0    0    0    4    0    0    0    0    0    0    0     0
   [5,]    0    0    0   0   0    3    4    2    1    0    3    0    1    2    2    0     1
   [6,]    2    1    1   1   2    1    1    1    2    1    1    2    2    2    2    1     1
   [7,]    1    0    0   2   0    0    3    1    0    0    1    0    1    1    0    0     2
   [8,]    0    0    1   1   2    1    0    0    0    0    4    0    2    1    0    0     0
   [9,]    2    3    3   3   1    2    1    2    2    2    2    2    3    2    2    3     1
  [10,]    2    1    2   3   4    0    1    0    1    2    2    1    2    1    0    1     1
  [11,]    2    1    2   3   4    0    1    0    1    2    2    1    2    1    0    1     1
  [12,]    3    3    1   0   0    2    0    0    3    0    2    1    1    2    1    0     2
  [13,]    2    3    3   1   1    1    0    2    2    3    1    2    2    2    2    2     2
  [14,]    2    3    3   1   1    1    0    2    2    3    1    2    2    2    2    2     2
  [15,]    1    2    2   2   2    3    2    1    3    3    1    1    1    2    1    2     1
  [16,]    1    1    0   3   4    2    0    1    2    2    2    0    1    2    2    3     1
  [17,]    3    1    3   3   2    1    0    3    0    0    3    4    3    0    0    0     2
  [18,]    2    2    2   0   2    1    1    0    2    1    2    2    2    2    1    0     2
  [19,]    4    2    3   3   0    1    1    3    2    2    2    1    2    4    2    2     3
  [20,]    0    2    2   3   3    1    0    0    2    4    2    2    2    2    1    2     0
  [21,]    0    3    2   0   0    1    0    0    4    1    1    1    2    2    1    0     1
  [22,]    0    2    2   0   0    0    0    0    0    0    0    0    0    0    0    0     0
  [23,]    1    2    0   2   2    2    1    2    2    2    1    1    2    2    1    1     1
  [24,]    0    0    0   3   0    0    1    0    1    3    0    0    0    1    0    3     0
  [25,]    2    4    3   4   2    3    2    0    2    0    1    0    2    3    1    3     2
  [26,]    2    4    3   4   2    3    2    0    2    0    1    0    2    3    1    3     2
  [27,]    0    3    2   1   2    0    0    0    3    0    0    2    3    0    1    0     0
  [28,]    1    3    2   4   3    4    0    0    4    4    3    2    3    0    2    3     0
        a11i e91f a26ee e88a r66i a2i e80a e93s e77m r62i e82m r61i e85s a68i e102m a74ee r54i
   [1,]    0    0     0    0    0   2    0    0    0    1    1    0    0    0     0     3    0
   [2,]    0    1     2    2    3   3    2    0    1    2    3    4    0    2     0     1    0
   [3,]    0    0     0    0    0   0    0    0    0    0    0    0    0    0     0     0    0
   [4,]    0    0     2    0    0   0    0    0    0    0    0    2    0    0     0     0    0
   [5,]    4    4     4    3    2   3    3    4    1    4    2    1    0    3     1     1    1
   [6,]    2    2     2    2    2   2    1    0    1    2    2    2    0    1     1     1    1
   [7,]    1    0     0    2    0   0    3    0    3    1    3    1    0    1     2     0    1
   [8,]    4    0     0    1    2   4    0    0    1    1    3    2    0    0     1     0    1
   [9,]    0    1     1    2    2   3    4    4    1    1    2    2    0    1     0     0    1
  [10,]    3    2     1    1    1   4    2    2    3    1    2    1    1    1     2     3    2
  [11,]    3    2     1    1    1   2    2    2    3    1    2    1    1    1     2     3    2
  [12,]    4    1     0    2    2   4    2    0    3    1    3    3    0    3     0     2    2
  [13,]    2    1     0    1    0   4    1    2    1    2    3    2    2    2     0     2    2
  [14,]    2    1     0    1    0   1    1    2    1    2    3    2    2    2     0     2    2
  [15,]    2    0     1    1    1   2    1    0    1    1    2    1    0    1     0     1    2
  [16,]    2    0     1    2    2   3    0    0    0    2    1    2    0    1     0     1    2
  [17,]    1    0     1    1    1   2    0    0    1    3    3    3    0    3     1     0    2
  [18,]    2    0     0    1    0   4    3    4    2    2    2    3    1    3     1     0    2
  [19,]    3    2     1    2    4   4    1    1    0    2    2    0    0    1     1     0    2
  [20,]    3    0     0    2    1   3    1    0    0    2    1    3    0    3     0     0    2
  [21,]    2    0     1    0    0   2    0    0    0    0    0    4    0    1     0     0    2
  [22,]    0    0     0    0    0   2    0    0    0    0    0    2    0    0     0     0    2
  [23,]    2    1     1    2    1   2    2    2    1    3    2    1    1    1     2     1    3
  [24,]    1    0     1    1    0   2    0    1    1    0    1    3    0    1     0     1    3
  [25,]    3    3     1    2    3   2    1    2    4    3    0    0    1    2     2     0    3
  [26,]    3    3     1    2    3   1    1    2    4    3    0    0    1    2     2     0    3
  [27,]    1    0     0    0    0   3    2    0    0    0    0    3    0    0     0     0    3
  [28,]    4    0     2    0    2   3    0    0    0    1    1    4    0    2     2     1    4
        a72ee
   [1,]     0
   [2,]     0
   [3,]     0
   [4,]     0
   [5,]     0
   [6,]     0
   [7,]     0
   [8,]     0
   [9,]     0
  [10,]     0
  [11,]     0
  [12,]     0
  [13,]     0
  [14,]     0
  [15,]     0
  [16,]     0
  [17,]     0
  [18,]     0
  [19,]     0
  [20,]     0
  [21,]     0
  [22,]     0
  [23,]     0
  [24,]     0
  [25,]     0
  [26,]     0
  [27,]     0
  [28,]     0
 [ reached getOption("max.print") -- omitted 1096 rows ]

attr(,"class")
[1] "monotonicity.class"
